1
3
4
5
6
7
8
10
12
14
20
21
33
34
35
36
37
38
41
43
45
46
48
49
50
51
52
53
55
56
57
58
59
62
63
65
66
67
68
69
70
71
72
73
74
75
76
77
78
79
80
81 2
81 9
81 11
81 15
81 16
81 23
81 24
81 25
81 26
81 27
81 28
81 29
81 30
81 31
81 39
81 40
81 42
81 47
81 54
81 60
81 61
81 64
81 44 32 17
81 44 22
81 22 32
64 60 44 30
64 60 44 22
64 60 42 44
64 60 42 30
64 60 42 29
64 60 42 28
64 60 42 25
64 60 42 22
64 60 30 22
64 60 29 19
64 60 29 44
64 60 29 32
64 60 29 30
64 60 29 28
64 60 29 25
64 60 29 22
64 60 29 17
64 60 29 13 18
64 60 28 44
64 60 28 32 17
64 60 28 30
64 60 28 22
64 60 26
64 60 25 44
64 60 25 32
64 60 25 30
64 60 25 28
64 60 25 22
64 60 25 17
64 60 16
64 42 44 30 32 17
64 42 44 30 22
64 42 44 22 32
64 42 44 22 17 19
64 42 29 44
64 42 29 30
64 42 29 28
64 42 29 25
64 42 29 22
64 42 29 16
64 42 28 44
64 42 28 30
64 42 25 44
64 42 25 30
64 42 25 28
64 42 25 22
64 42 16 44
64 42 16 30
64 42 16 28
64 42 16 25
64 42 16 22
64 29 44 30 19
64 29 44 30 32
64 29 44 30 17
64 29 44 22
64 29 30 22 32
64 29 30 22 17
64 29 28 44
64 29 28 30
64 29 28 22 32
64 29 28 22 17
64 29 25 44
64 29 25 30
64 29 25 28
64 29 25 22
64 29 16 44
64 29 16 32 17
64 29 16 30
64 29 16 28
64 29 16 25
64 29 16 22
64 28 44 30 32
64 28 44 30 22 17
64 26 44 30
64 26 44 22
64 26 42 44
64 26 42 32
64 26 42 30
64 26 42 29
64 26 42 28
64 26 42 25
64 26 42 22
64 26 42 17
64 26 42 16
64 26 30 22
64 26 29 44
64 26 29 32 17
64 26 29 30
64 26 29 28
64 26 29 25
64 26 29 22
64 26 29 16
64 26 28 44
64 26 28 32
64 26 28 30
64 26 28 22
64 26 28 17 19
64 26 25 44
64 26 25 32
64 26 25 30
64 26 25 28
64 26 25 22
64 26 16 44
64 26 16 32
64 26 16 30
64 26 16 28
64 26 16 25
64 26 16 22
64 25 44 30 32
64 25 44 30 22
64 25 44 22 32
64 25 30 22 32 17
64 25 28 44
64 25 28 30
64 25 28 22 32 17
64 23 60
64 23 44
64 23 42
64 23 30
64 23 29
64 23 28
64 23 26
64 23 25
64 23 22
64 23 16
64 23 9
64 23 2
64 16 44 30 19
64 16 44 30 32
64 16 44 30 22
64 16 44 30 17
64 16 44 22 19
64 16 44 22 32
64 16 44 22 17
64 16 30 22 32
64 16 28 44
64 16 28 30
64 16 28 22 32 17
64 16 25 44
64 16 25 30
64 16 25 28
64 16 25 22
64 9 60
64 9 44 32
64 9 44 30
64 9 44 22
64 9 42
64 9 29
64 9 28
64 9 26
64 9 25 30 32
64 9 22 32
64 9 22 30
64 9 19 30 32
64 9 17 30 32
64 9 16
64 9 13 30 32
64 2 60
64 2 44
64 2 42
64 2 30
64 2 29
64 2 28
64 2 26
64 2 25
64 2 22
64 2 16
64 2 9
61 2
61 9
61 11
61 15
61 23
61 24
61 25
61 26
61 27
61 30
61 31
61 39
61 40
61 47
61 60
61 64
61 44 22
61 42 44
61 42 32
61 42 29
61 42 28
61 42 22
61 42 16
61 29 44
61 29 32 17
61 29 28
61 29 22
61 29 16
61 28 44
61 28 22 32 17
61 16 44
61 16 32
61 16 28
61 16 22
60 42 29 44 30 22
60 42 29 28 44 32 17
60 42 29 28 44 30
60 42 29 28 44 22
60 42 29 28 30 32
60 42 29 28 30 22
60 42 29 28 30 17 19
60 42 29 25 44 32
60 42 29 25 44 17
60 42 29 25 30
60 42 29 25 28
60 42 29 25 22
60 42 29 16 44
60 42 29 16 30
60 42 29 16 28
60 42 29 16 25
60 42 29 16 22
60 42 25 44 30 22
60 42 25 28 44 30
60 42 25 28 44 22
60 42 25 28 30 22
60 42 16 44 30 22
60 42 16 28 44 30
60 42 16 28 44 22 32
60 42 16 28 44 22 17
60 42 16 28 30 22 32
60 42 16 28 30 22 17
60 42 16 25 44
60 42 16 25 30
60 42 16 25 28
60 42 16 25 22 32
60 42 16 25 22 17
60 29 28 44 30 32 17
60 29 28 44 30 22
60 29 25 44 30 32
60 29 25 44 30 22
60 29 25 44 30 17
60 29 25 44 22 32
60 29 25 44 22 17
60 29 25 30 22 32
60 29 25 30 22 17
60 29 25 28 44
60 29 25 28 30
60 29 25 28 22 32 17
60 29 16 44 30 32
60 29 16 44 30 22
60 29 16 44 30 17
60 29 16 44 22 32
60 29 16 44 22 17
60 29 16 30 22 32
60 29 16 30 22 17
60 29 16 28 44
60 29 16 28 30
60 29 16 28 22 32 17 19
60 29 16 25 44
60 29 16 25 30
60 29 16 25 28
60 29 16 25 22
60 28 44 30 22 32 25
60 28 44 30 22 32 16
60 28 44 30 22 17 25
60 26 44 30 22 32 17
60 26 42 44 30 32
60 26 42 44 30 17
60 26 42 44 22 32
60 26 42 44 22 17
60 26 42 30 22
60 26 42 29 44
60 26 42 29 30
60 26 42 29 28
60 26 42 29 25
60 26 42 29 22
60 26 42 29 16
60 26 42 28 44
60 26 42 28 30
60 26 42 28 22 32
60 26 42 28 22 17
60 26 42 25 44
60 26 42 25 30
60 26 42 25 22
60 26 42 16 44
60 26 42 16 30
60 26 42 16 28
60 26 42 16 25
60 26 42 16 22
60 26 29 44 30
60 26 29 44 22
60 26 29 30 22
60 26 29 28 44
60 26 29 28 32
60 26 29 28 30
60 26 29 28 22
60 26 29 25 44
60 26 29 25 32 17
60 26 29 25 30
60 26 29 25 22
60 26 29 16 44
60 26 29 16 32 17
60 26 29 16 30
60 26 29 16 28
60 26 29 16 25
60 26 29 16 22
60 26 28 44 30
60 26 28 44 22 32 17 19 13 18
60 26 28 30 22 32
60 26 28 30 22 17
60 26 25 44 30
60 26 25 44 22
60 26 25 30 22
60 26 25 28
60 26 16 44 30
60 26 16 44 22
60 26 16 30 22
60 26 16 28 44
60 26 16 28 32
60 26 16 28 30
60 26 16 28 22
60 26 16 28 17 19
60 26 16 25 44
60 26 16 25 32
60 26 16 25 30
60 26 16 25 22
60 26 16 25 19
60 26 16 25 17
60 16 25 44 30 32
60 16 25 44 30 22
60 16 25 44 30 17
60 16 25 28 44
60 16 25 28 30
60 16 25 22 32 17 44
60 16 25 22 32 17 30
54 2
54 9
54 11
54 15
54 16
54 23
54 24
54 25
54 26
54 27
54 28
54 29
54 30
54 31
54 39
54 40
54 42
54 47
54 61
54 64
54 60 44
54 60 32 13
54 60 32 19
54 60 32 17
54 60 22
54 44 17
54 44 32
54 44 22
54 22 32 17
47 2
47 9
47 11
47 15
47 23
47 24
47 31
47 39
47 64
47 60 44
47 60 42
47 60 30
47 60 29
47 60 28
47 60 26
47 60 25
47 60 22
47 60 16
47 44 30 32
47 44 22 32
47 42 44
47 42 30
47 42 29
47 42 28
47 42 25
47 42 22
47 42 16
47 30 22
47 29 44 32
47 29 44 17
47 29 30
47 29 28
47 29 25
47 29 22
47 29 16
47 28 44
47 28 32 19
47 28 32 17
47 28 30
47 28 22 13
47 28 22 19
47 28 22 32
47 28 22 17
47 26 44
47 26 42
47 26 32
47 26 30
47 26 29
47 26 28
47 26 25
47 26 22
47 26 16
47 25 44
47 25 32 17
47 25 30
47 25 28
47 25 22
47 16 44 13
47 16 44 19
47 16 44 32
47 16 44 17
47 16 30
47 16 28
47 16 25
47 16 22
42 29 28 44 30 22 32
42 29 28 44 30 22 17
42 29 25 44 30 32 17
42 29 25 44 30 22
42 29 25 44 22 32
42 29 25 44 22 17
42 29 25 28 44
42 29 25 28 30
42 29 25 22 32 17 19 30
42 29 16 44 30 32
42 29 16 44 30 22
42 29 16 44 22 32
42 29 16 44 22 17 19 13 18
42 29 16 28 44
42 29 16 28 30
42 29 16 25 44
42 29 16 25 30
42 29 16 25 28
42 29 16 25 22
42 16 25 44 30 32 17
42 16 25 44 30 22
42 16 25 44 22 32 17
42 16 25 28 44
42 16 25 28 30 32
42 16 25 28 30 22
42 16 25 28 30 17
40 2
40 9
40 11
40 15
40 23
40 24
40 26
40 31
40 39
40 47
40 60
40 64
40 44 30
40 44 22 32
40 44 22 17
40 42 44
40 42 32 17
40 42 30
40 42 29
40 42 28
40 42 25
40 42 22
40 42 16
40 29 17
40 29 44
40 29 32
40 29 30
40 29 28
40 29 25
40 29 22
40 29 16
40 28 44
40 28 30
40 25 17
40 25 44
40 25 32
40 25 30
40 25 28
40 25 22
40 22 32 17 30
40 16 32
40 16 44
40 16 30
40 16 28
40 16 25
40 16 22
39 64 60
39 64 44
39 64 42
39 64 32 17
39 64 30
39 64 29
39 64 28
39 64 26
39 64 25
39 64 23
39 64 22
39 64 16
39 64 9
39 64 2
39 60 44 30
39 60 44 22
39 60 42 44
39 60 42 30
39 60 42 29
39 60 42 28
39 60 42 25
39 60 42 22
39 60 42 16
39 60 30 22 32
39 60 30 22 19
39 60 30 22 17
39 60 29 44
39 60 29 32
39 60 29 30
39 60 29 28
39 60 29 25
39 60 29 22
39 60 29 17
39 60 29 16
39 60 28 44
39 60 28 30
39 60 28 22 32
39 60 28 22 17 19
39 60 26
39 60 25 44
39 60 25 32
39 60 25 30
39 60 25 28
39 60 25 22
39 60 25 17
39 60 16 44
39 60 16 32
39 60 16 30
39 60 16 28
39 60 16 25
39 60 16 22
39 60 16 17
39 42 44 30 32
39 42 44 30 22
39 42 44 30 17 19
39 42 44 22 32
39 42 29 44
39 42 29 30
39 42 29 28
39 42 29 25
39 42 29 22
39 42 29 16
39 42 28 44
39 42 28 30
39 42 25 44
39 42 25 30
39 42 25 28
39 42 25 22
39 42 16 44
39 42 16 30
39 42 16 28
39 42 16 25
39 42 16 22
39 29 44 30
39 29 44 22
39 29 30 22 32
39 29 30 22 17
39 29 28 44
39 29 28 30
39 29 28 22 32
39 29 25 44
39 29 25 32 17
39 29 25 30
39 29 25 28
39 29 25 22
39 29 16 44
39 29 16 32 17
39 29 16 30
39 29 16 28
39 29 16 25
39 29 16 22
39 28 44 30 32
39 28 44 30 22 17
39 26 44 32 17
39 26 44 30
39 26 44 22
39 26 42
39 26 30 32 13
39 26 30 32 19
39 26 30 32 17
39 26 30 22
39 26 29 44
39 26 29 32
39 26 29 30
39 26 29 22
39 26 29 17
39 26 28
39 26 25
39 26 22 32 17
39 26 16
39 25 44 30 32
39 25 44 30 22
39 25 44 30 17
39 25 44 22 32
39 25 44 22 17
39 25 30 22 32
39 25 28 44
39 25 28 30
39 25 28 22 32
39 23 60
39 23 44
39 23 42
39 23 30
39 23 29
39 23 28
39 23 26
39 23 25
39 23 22
39 23 16
39 23 9
39 23 2
39 16 44 30
39 16 44 22 17
39 16 28 44
39 16 28 30
39 16 25 44
39 16 25 32 13
39 16 25 32 19
39 16 25 32 17
39 16 25 30
39 16 25 28
39 16 25 22
39 16 22 32 44
39 16 22 32 30
39 15 64
39 15 60
39 15 44
39 15 42
39 15 32
39 15 30
39 15 29
39 15 28
39 15 26
39 15 25
39 15 23
39 15 22
39 15 16
39 15 9
39 15 2
39 9 60
39 9 44
39 9 42
39 9 32 22
39 9 30 32
39 9 30 22
39 9 30 17
39 9 29
39 9 28
39 9 26
39 9 25 22
39 9 17 22
39 9 16
39 2 60
39 2 44
39 2 42
39 2 30
39 2 29
39 2 28
39 2 26
39 2 25
39 2 22 32
39 2 22 17
39 2 16
39 2 9
31 2
31 9
31 11
31 15
31 23
31 39
31 64
31 60 44
31 60 42
31 60 32
31 60 30
31 60 29
31 60 28
31 60 26
31 60 25
31 60 22
31 60 17
31 60 16
31 44 30 32 17 19
31 44 30 22 32
31 44 30 22 17
31 42 44
31 42 30
31 42 29
31 42 28
31 42 25
31 42 22 32 19 13
31 42 22 32 17
31 42 16
31 29 44
31 29 30
31 29 28
31 29 25
31 29 22 19
31 29 22 32
31 29 22 17
31 29 16
31 28 44 30
31 28 44 22 32
31 28 44 17 32
31 28 30 22 32 17
31 26 44
31 26 42
31 26 32
31 26 30
31 26 29
31 26 28
31 26 25
31 26 22
31 26 16
31 25 44
31 25 30 32
31 25 30 22
31 25 30 17
31 25 28
31 25 22 32
31 16 44
31 16 30 32
31 16 30 22
31 16 30 17
31 16 28 32
31 16 28 30
31 16 28 22
31 16 28 17
31 16 25
31 16 22 32 17
29 25 28 44 30 32
29 25 28 44 30 22
29 16 28 44 30 32
29 16 28 44 30 22
29 16 25 44 30 32
29 16 25 44 30 22
29 16 25 44 30 17
29 16 25 44 22 17
29 16 25 28 44
29 16 25 28 30
29 16 25 22 32 44
29 16 25 22 32 30
28 44 30 22 32 25 17 42
28 44 30 22 32 16 25
28 44 30 17 19 13 18 32 16 25
27 2
27 9
27 11
27 15
27 16
27 23
27 24
27 25
27 26
27 29
27 31
27 39
27 40
27 47
27 60
27 64
27 44 32 17
27 44 30
27 44 22
27 42 44
27 42 32
27 42 30
27 42 28
27 42 22
27 42 17
27 30 22 32
27 30 22 17
27 28 44
27 28 32 17
27 28 30
27 28 22 32
27 28 22 17
26 42 44 30 22 32 17
26 42 29 44 30
26 42 29 44 22
26 42 29 30 22
26 42 29 28 44
26 42 29 28 32 17
26 42 29 28 30
26 42 29 28 22
26 42 29 25 44
26 42 29 25 30
26 42 29 25 28
26 42 29 25 22
26 42 29 16 44
26 42 29 16 30
26 42 29 16 28
26 42 29 16 25
26 42 29 16 22
26 42 28 44 30
26 42 28 44 22 32 17
26 42 28 30 22 32 17
26 42 25 44 30
26 42 25 44 22
26 42 25 30 22
26 42 25 28 44
26 42 25 28 32
26 42 25 28 30
26 42 25 28 22
26 42 25 28 17
26 42 16 44 30
26 42 16 44 22
26 42 16 30 22
26 42 16 28 44
26 42 16 28 32 17
26 42 16 28 30
26 42 16 28 22
26 42 16 25 44
26 42 16 25 32
26 42 16 25 30
26 42 16 25 28
26 42 16 25 22
26 29 44 22 32 17 30
26 29 28 44 30
26 29 28 22 32 17 30
26 29 25 44 30 32
26 29 25 44 30 17
26 29 25 44 22
26 29 25 30 22
26 29 25 28 44
26 29 25 28 32 17
26 29 25 28 30
26 29 25 28 22
26 29 16 44 30
26 29 16 44 22
26 29 16 30 22
26 29 16 28 44
26 29 16 28 32 17 19
26 29 16 28 30
26 29 16 28 22 32
26 29 16 28 22 17
26 29 16 25 44
26 29 16 25 30
26 29 16 25 28
26 29 16 25 22
26 25 44 30 22 32 17
26 25 28 44 30
26 25 28 44 22 32 17 19 13
26 25 28 30 22 32 17
26 16 28 44 30
26 16 25 44 30
26 16 25 44 22
26 16 25 30 22
26 16 25 28 44
26 16 25 28 32
26 16 25 28 30
26 16 25 28 22 17
26 16 22 32 19 44 30
26 16 22 32 17 44 30
26 16 22 32 13 44 30
24 2
24 9
24 11
24 15
24 23
24 26
24 29
24 31
24 39
24 42
24 60
24 64
24 44 32
24 44 30
24 44 22
24 30 22 32 17
24 28 44
24 28 30
24 28 22 32 17
24 25 44
24 25 32
24 25 30
24 25 28
24 25 22
24 16 17
24 16 44
24 16 32
24 16 30
24 16 28
24 16 25
24 16 22
23 60 44 30 22
23 60 42 44 30
23 60 42 44 22
23 60 42 30 22
23 60 42 29 44
23 60 42 29 32
23 60 42 29 22
23 60 42 29 17
23 60 42 28 44
23 60 42 28 32
23 60 42 28 22
23 60 42 28 17
23 60 42 25
23 60 42 16
23 60 29 44 32
23 60 29 44 22
23 60 29 30
23 60 29 28
23 60 29 25
23 60 29 22 32
23 60 29 22 17
23 60 29 16
23 60 28 44 32
23 60 28 44 22
23 60 28 30
23 60 26 44
23 60 26 42
23 60 26 30
23 60 26 29
23 60 26 28
23 60 26 25
23 60 26 22
23 60 26 16
23 60 25 44
23 60 25 30
23 60 25 28
23 60 25 22
23 60 16 44 32
23 60 16 44 22
23 60 16 44 17
23 60 16 30
23 60 16 28
23 60 16 25
23 60 16 22 32
23 60 16 22 17
23 42 44 30 22
23 42 29 44 32 17
23 42 29 44 30
23 42 29 44 22
23 42 29 30 32 17
23 42 29 30 22
23 42 29 28
23 42 29 25
23 42 29 16
23 42 28 44 32 17
23 42 28 44 30
23 42 28 44 22
23 42 28 30 22 32
23 42 28 30 22 17
23 42 25 44 32
23 42 25 44 30
23 42 25 44 22
23 42 25 44 17
23 42 25 30 32
23 42 25 30 22
23 42 25 30 17 19
23 42 25 28
23 42 25 22 32 19
23 42 25 22 32 17
23 42 16 44 32
23 42 16 44 30
23 42 16 44 22
23 42 16 30 32 17
23 42 16 30 22
23 42 16 28
23 42 16 25
23 29 44 30 22
23 29 28 44 32
23 29 28 44 30
23 29 28 44 22
23 29 28 30 32
23 29 28 30 22
23 29 28 30 17
23 29 25 44 32
23 29 25 44 30
23 29 25 44 22
23 29 25 30 32
23 29 25 30 22
23 29 25 28
23 29 25 22 32
23 29 16 44 32 17
23 29 16 44 30
23 29 16 44 22
23 29 16 30 32
23 29 16 30 22
23 29 16 28
23 29 16 25
23 29 16 22 32 17 19
23 28 44 30 22 32
23 26 44 30 32 17
23 26 44 30 22
23 26 42 44
23 26 42 30
23 26 42 29
23 26 42 28
23 26 42 25
23 26 42 22
23 26 42 16
23 26 29 44 32 17
23 26 29 44 30
23 26 29 44 22
23 26 29 30 32
23 26 29 30 22
23 26 29 30 17 19 18
23 26 29 30 17 19 13
23 26 29 28
23 26 29 25
23 26 29 22 32
23 26 29 16
23 26 28 44
23 26 28 30
23 26 25 44 32
23 26 25 44 17
23 26 25 30
23 26 25 28
23 26 25 22
23 26 16 44 32
23 26 16 44 30
23 26 16 44 22
23 26 16 44 17
23 26 16 30 32
23 26 16 30 22
23 26 16 30 19
23 26 16 30 17
23 26 16 28
23 26 16 25
23 26 16 22 32
23 26 16 22 17
23 25 44 30 22
23 25 28 44 32
23 25 28 44 30
23 25 28 44 22
23 25 28 44 17
23 25 28 30 32
23 25 28 30 22
23 25 28 30 17
23 16 44 30 22
23 16 28 44 32
23 16 28 44 30
23 16 28 44 22
23 16 28 30 32 17
23 16 28 30 22 32
23 16 28 30 22 19
23 16 28 30 22 17
23 16 25 44 32
23 16 25 44 30
23 16 25 44 22
23 16 25 44 17
23 16 25 30 32
23 16 25 30 22
23 16 25 30 17
23 16 25 28
23 16 25 22 32
23 9 60
23 9 44 30
23 9 44 28
23 9 44 22
23 9 42 17
23 9 42 44
23 9 42 32
23 9 42 30
23 9 42 29
23 9 42 28
23 9 42 22
23 9 42 16
23 9 32 28
23 9 30 28
23 9 30 22
23 9 29 44
23 9 29 32 17
23 9 29 30
23 9 29 28
23 9 29 22
23 9 29 16
23 9 26 44
23 9 26 42
23 9 26 32
23 9 26 30
23 9 26 29
23 9 26 28
23 9 26 25 17
23 9 26 22
23 9 26 19 13 17
23 9 26 16
23 9 25 28
23 9 22 28
23 9 17 28
23 9 16 44
23 9 16 32
23 9 16 30
23 9 16 28
23 9 16 25 17
23 9 16 22
23 2 60 44
23 2 60 42
23 2 60 30
23 2 60 29
23 2 60 28
23 2 60 26
23 2 60 25
23 2 60 22
23 2 60 16
23 2 44 30
23 2 44 22 32
23 2 42 44
23 2 42 30
23 2 42 29
23 2 42 28
23 2 42 25
23 2 42 22
23 2 42 16
23 2 29 44
23 2 29 30
23 2 29 28
23 2 29 25
23 2 29 22
23 2 29 16
23 2 28 44
23 2 28 30
23 2 26 44
23 2 26 42
23 2 26 30
23 2 26 29
23 2 26 28
23 2 26 25
23 2 26 22
23 2 26 16
23 2 25 44
23 2 25 30
23 2 25 28
23 2 25 22
23 2 22 32 19 18 30
23 2 22 32 19 13 30
23 2 22 32 17 30
23 2 16 44
23 2 16 30
23 2 16 28
23 2 16 25
23 2 16 22
23 2 9 44
23 2 9 42
23 2 9 32
23 2 9 30
23 2 9 29
23 2 9 28
23 2 9 26
23 2 9 25 19
23 2 9 22
23 2 9 17
23 2 9 16
15 64 60
15 64 44
15 64 42
15 64 32
15 64 30
15 64 29
15 64 28
15 64 26
15 64 25
15 64 23
15 64 22
15 64 16
15 64 9
15 64 2
15 60 44 30
15 60 44 17 19 22
15 60 42 44
15 60 42 30
15 60 42 29
15 60 42 28
15 60 42 25
15 60 42 22
15 60 32 44 22
15 60 32 30 22
15 60 32 22 17 28
15 60 29 44
15 60 29 30
15 60 29 28
15 60 29 25
15 60 29 22
15 60 29 16 32
15 60 28 44
15 60 28 30
15 60 26 44
15 60 26 42
15 60 26 30
15 60 26 29
15 60 26 28
15 60 26 25
15 60 26 22
15 60 25 44
15 60 25 30
15 60 25 28
15 60 25 22
15 60 16 44 22
15 60 16 30 22
15 60 16 28 32 17
15 60 16 28 22
15 60 16 25
15 42 44 30
15 42 44 28
15 42 44 25
15 42 44 22
15 42 32 30 22
15 42 32 22 17 19 28
15 42 32 22 17 13 28
15 42 29 44
15 42 29 30
15 42 29 28
15 42 29 25
15 42 29 22
15 42 29 16 32
15 42 28 30
15 42 25 30
15 42 25 28
15 42 25 22
15 42 16 30 22
15 42 16 28 32
15 42 16 28 22
15 42 16 25
15 29 44 30 22
15 29 44 17 30
15 29 44 17 22
15 29 32 44 30
15 29 32 44 22
15 29 32 30 22
15 29 32 17 28 22
15 29 28 44
15 29 28 30
15 29 25 44
15 29 25 30
15 29 25 28
15 29 25 22
15 29 16 44 30
15 29 16 44 22
15 29 16 30 22
15 29 16 28 22
15 29 16 25 32
15 28 32 44 30
15 28 22 19 18 44 30
15 28 22 19 13 44 30
15 28 22 17 44 30
15 26 42 44
15 26 42 30
15 26 42 29
15 26 42 28
15 26 42 25
15 26 42 22
15 26 29 44 30
15 26 29 44 22
15 26 29 32 30
15 26 29 32 22
15 26 29 30 22
15 26 29 28
15 26 29 25
15 26 29 16 44 32
15 26 29 16 30
15 26 29 16 22
15 26 28 44 32
15 26 28 44 30
15 26 28 44 22
15 26 28 30 32
15 26 28 30 22
15 26 28 25
15 26 25 44 32
15 26 25 44 30
15 26 25 44 22
15 26 25 32 30
15 26 25 32 22
15 26 22 44 30
15 26 22 30 25
15 26 16 44 30 32 13
15 26 16 44 30 32 19
15 26 16 44 30 32 17
15 26 16 25 30 13
15 26 16 25 30 19
15 26 16 25 30 17
15 26 16 25 22 17
15 25 44 30 22
15 25 32 44 30
15 25 32 44 22
15 25 32 30 22
15 25 32 22 17 28
15 25 28 44
15 25 28 30
15 23 60
15 23 44 30
15 23 44 22
15 23 42
15 23 32 44
15 23 32 30
15 23 32 22
15 23 30 22
15 23 29
15 23 28
15 23 26 44
15 23 26 30
15 23 26 22
15 23 26 16 32
15 23 25
15 23 16 44
15 23 16 30
15 23 16 22
15 23 9
15 23 2
15 16 28 44 30
15 16 25 44 30
15 16 25 44 22
15 16 25 30 22
15 16 25 28 32
15 16 25 28 22
15 16 22 32 44 30
15 9 60
15 9 44 30
15 9 44 22
15 9 42
15 9 32 44
15 9 32 30
15 9 32 22
15 9 30 22
15 9 29
15 9 28
15 9 26 32
15 9 26 44
15 9 26 30
15 9 26 22
15 9 16 44
15 9 16 30
15 9 16 22
15 2 60
15 2 44 32
15 2 44 30
15 2 44 22
15 2 42
15 2 30 32
15 2 30 22
15 2 29
15 2 28
15 2 26 44
15 2 26 30
15 2 26 22
15 2 26 16 32
15 2 25
15 2 16 44
15 2 16 30
15 2 16 22
15 2 9
11 15
11 23
11 39
11 60
11 64 44
11 64 42
11 64 32
11 64 30
11 64 29
11 64 28
11 64 26
11 64 25
11 64 22
11 64 19 13 18
11 64 17
11 64 16
11 64 9
11 64 2
11 44 30 32
11 44 30 22
11 44 22 32
11 44 22 17
11 42 44
11 42 30
11 42 29
11 42 28
11 42 25
11 42 22
11 42 16
11 29 44
11 29 30 32
11 29 30 22
11 29 30 17
11 29 28
11 29 25
11 29 22 32
11 29 22 17
11 29 16
11 28 44
11 28 30 32
11 28 30 22 17
11 26 44
11 26 42
11 26 30 32
11 26 30 17
11 26 29
11 26 28
11 26 25
11 26 22
11 26 16
11 25 44
11 25 30 32
11 25 30 22
11 25 28
11 25 22 32
11 25 22 17
11 16 44
11 16 30 32
11 16 30 22
11 16 28
11 16 25
11 16 22 32
11 16 22 17
11 9 44
11 9 42
11 9 32
11 9 30
11 9 29
11 9 28
11 9 26
11 9 22
11 9 16
11 2 44
11 2 42
11 2 32
11 2 30
11 2 29
11 2 28
11 2 26
11 2 25
11 2 22
11 2 17
11 2 16
11 2 9
9 60 42 44 30
9 60 42 44 28
9 60 42 44 22
9 60 42 32 19 28
9 60 42 32 17 28
9 60 42 30 28
9 60 42 30 22
9 60 42 29 44
9 60 42 29 32
9 60 42 29 30
9 60 42 29 25
9 60 42 29 22
9 60 42 29 19 13
9 60 42 29 17
9 60 42 25 28 32
9 60 42 25 28 17
9 60 42 22 28
9 60 42 16
9 60 30 44 22
9 60 30 28 44
9 60 30 28 32 17
9 60 30 28 22
9 60 29 44 22
9 60 29 32 22
9 60 29 32 17 44
9 60 29 30 44
9 60 29 30 32
9 60 29 30 22
9 60 29 30 17
9 60 29 28
9 60 29 25 44 32
9 60 29 25 44 17 13
9 60 29 25 44 17 18
9 60 29 25 44 17 19
9 60 29 25 22
9 60 29 17 22
9 60 29 16
9 60 26 44
9 60 26 42
9 60 26 30
9 60 26 29
9 60 26 28
9 60 26 22
9 60 26 16
9 60 25 28 44 32 17
9 60 22 28 44
9 60 16 44 30
9 60 16 44 22
9 60 16 32 44
9 60 16 32 30
9 60 16 32 22
9 60 16 30 22
9 60 16 30 19 13 18
9 60 16 28
9 60 16 25 44
9 60 16 25 30
9 60 16 25 22
9 60 16 17 44
9 60 16 17 30
9 60 16 17 22
9 42 44 30 22
9 42 44 28 32 17
9 42 44 28 30
9 42 44 28 22
9 42 32 19 28 30 22
9 42 32 17 28 30 22
9 42 32 13 28 30 22
9 42 29 44 32 17
9 42 29 44 30
9 42 29 44 22
9 42 29 32 17 22
9 42 29 30 22
9 42 29 28
9 42 29 25 30 32 17
9 42 29 25 22 32
9 42 29 25 22 17
9 42 29 16
9 42 25 28 30 22 32
9 42 25 28 30 22 17
9 42 16 44 32
9 42 16 44 22
9 42 16 44 19 13 18 17
9 42 16 32 17 22
9 42 16 30 44
9 42 16 30 32 17
9 42 16 30 22
9 42 16 28
9 42 16 25 44 17
9 42 16 25 22 32
9 42 16 25 22 17 19
9 29 44 32 28
9 29 44 30 28
9 29 44 30 22
9 29 25 28 44 17
9 29 25 28 30 32
9 29 22 28 44
9 29 22 28 30
9 29 19 30 28 32
9 29 17 30 28 32
9 29 16 44 32
9 29 16 44 30
9 29 16 32 19 30
9 29 16 32 18 30
9 29 16 32 17 30
9 29 16 32 13 30
9 29 16 28
9 29 16 25 44 17
9 29 16 25 30 32
9 29 16 25 30 17 19
9 29 16 22 17
9 29 16 22 44
9 29 16 22 32
9 29 16 22 30
9 26 42 44
9 26 42 30
9 26 42 29
9 26 42 28
9 26 42 22
9 26 42 16
9 26 30 22 44
9 26 30 22 32 17
9 26 29 44 30
9 26 29 44 19 32
9 26 29 44 17 32
9 26 29 44 13 32
9 26 29 32 30
9 26 29 28
9 26 29 25 44 32
9 26 29 25 30 17
9 26 29 22
9 26 29 16
9 26 28 44
9 26 28 30
9 26 28 17 22 32
9 26 25 44 30 32 17 19
9 26 25 44 22 32
9 26 25 28 22 32
9 26 17 22 44 32
9 26 16 44 30
9 26 16 32 44
9 26 16 32 30
9 26 16 28
9 26 16 25 44
9 26 16 25 30
9 26 16 22
9 26 16 19 30
9 26 16 17 44
9 26 16 17 30
9 16 44 32 28
9 16 44 30 28
9 16 44 30 22
9 16 44 19 28 22
9 16 44 17 28 22
9 16 25 28 44 22
9 16 25 28 30 32 17
9 16 25 28 30 22 17
9 16 22 32 28 30
2 60 44 30 22 32
2 60 44 30 22 17
2 60 42 44 30
2 60 42 44 22 32
2 60 42 44 22 17
2 60 42 30 22
2 60 42 29 44
2 60 42 29 30
2 60 42 29 25
2 60 42 29 22
2 60 42 28 44
2 60 42 28 30
2 60 42 28 22 32
2 60 42 28 22 17
2 60 42 25 44
2 60 42 25 30
2 60 42 25 28
2 60 42 25 22
2 60 42 16 44
2 60 42 16 30
2 60 42 16 28
2 60 42 16 25
2 60 42 16 22
2 60 29 44 30
2 60 29 44 22
2 60 29 30 32 17 19
2 60 29 30 22
2 60 29 28
2 60 29 25 44
2 60 29 25 32 19
2 60 29 25 32 17
2 60 29 25 30
2 60 29 25 22
2 60 29 16
2 60 28 44 30
2 60 28 44 22 32 17
2 60 28 30 22 32
2 60 28 30 22 19
2 60 28 30 22 17
2 60 26 44 32
2 60 26 44 19
2 60 26 44 17
2 60 26 44 13 18
2 60 26 42
2 60 26 30
2 60 26 29
2 60 26 28
2 60 26 25
2 60 26 22
2 60 26 16
2 60 25 44 30
2 60 25 44 22
2 60 25 30 22
2 60 25 28 44
2 60 25 28 32
2 60 25 28 30
2 60 25 28 22
2 60 25 28 17
2 60 16 44 30
2 60 16 44 22
2 60 16 30 32 17
2 60 16 30 22
2 60 16 28 44
2 60 16 28 32
2 60 16 28 30
2 60 16 28 22
2 60 16 28 17
2 60 16 25 44
2 60 16 25 32
2 60 16 25 30
2 60 16 25 28
2 60 16 25 22
2 60 16 25 19
2 60 16 25 17
2 42 29 44 30
2 42 29 44 22
2 42 29 30 22
2 42 29 28 44
2 42 29 28 32 19
2 42 29 28 32 17
2 42 29 28 30
2 42 29 28 22
2 42 29 25 44
2 42 29 25 30
2 42 29 25 28
2 42 29 25 22
2 42 29 16 44
2 42 29 16 32 17
2 42 29 16 30
2 42 29 16 28
2 42 29 16 25
2 42 29 16 22
2 42 28 44 30
2 42 25 44 30
2 42 25 44 22
2 42 25 30 22
2 42 25 28 44
2 42 25 28 32 17
2 42 25 28 30
2 42 25 28 22
2 42 22 32 19 44 30
2 42 22 32 17 44 30
2 42 16 44 30
2 42 16 44 22
2 42 16 30 22
2 42 16 28 44
2 42 16 28 30
2 42 16 28 22
2 42 16 25 44
2 42 16 25 32 17
2 42 16 25 30
2 42 16 25 28
2 42 16 25 22
2 29 44 30 22
2 29 28 44 30
2 29 28 44 22 32
2 29 28 44 22 17 19
2 29 28 44 22 17 13
2 29 28 30 22 32
2 29 28 30 22 17
2 29 25 44 30
2 29 25 44 22
2 29 25 30 22
2 29 25 28 44
2 29 25 28 32
2 29 25 28 30
2 29 25 28 22
2 29 25 28 17 13
2 29 25 28 17 19
2 29 16 44 30
2 29 16 44 22
2 29 16 30 22
2 29 16 28 44
2 29 16 28 32
2 29 16 28 30
2 29 16 28 22
2 29 16 25 44
2 29 16 25 32 17 19
2 29 16 25 30
2 29 16 25 28
2 29 16 25 22
2 26 44 30 32 17
2 26 44 30 22
2 26 42 44 32
2 26 42 44 17
2 26 42 30
2 26 42 29
2 26 42 28
2 26 42 25
2 26 42 22
2 26 42 16
2 26 29 44 30
2 26 29 44 22
2 26 29 32 30
2 26 29 32 22
2 26 29 30 22
2 26 29 28
2 26 29 25 44
2 26 29 25 32
2 26 29 25 30
2 26 29 25 22
2 26 29 17 30
2 26 29 17 22
2 26 29 16
2 26 28 44
2 26 28 30
2 26 25 44 30
2 26 25 44 22
2 26 25 32 30
2 26 25 32 22
2 26 25 30 22
2 26 25 28
2 26 25 17 22
2 26 22 32 17 30
2 26 16 44 32
2 26 16 44 17
2 26 16 30
2 26 16 28
2 26 16 25
2 26 16 22
2 25 44 30 22 32
2 25 28 44 30
2 25 28 44 22 32 17
2 25 28 30 22 32 17
2 16 44 30 22
2 16 28 44 30
2 16 28 44 22 32 17
2 16 28 30 22 32 17
2 16 25 44 30
2 16 25 44 22
2 16 25 30 22
2 16 25 28 44
2 16 25 28 32
2 16 25 28 30
2 16 25 28 22
2 9 60 44
2 9 60 42
2 9 60 30
2 9 60 29
2 9 60 28
2 9 60 26
2 9 60 22
2 9 60 16
2 9 44 30 22
2 9 44 17 30 32
2 9 44 17 22 32
2 9 42 44
2 9 42 30
2 9 42 29
2 9 42 28
2 9 42 22
2 9 42 16
2 9 29 32 44
2 9 29 30
2 9 29 28
2 9 29 25 44 13
2 9 29 25 44 19
2 9 29 22
2 9 29 17 44
2 9 29 16
2 9 28 44
2 9 28 30
2 9 26 44
2 9 26 42
2 9 26 30
2 9 26 29
2 9 26 28
2 9 26 22
2 9 26 16
2 9 25 44 30 32 19 13
2 9 25 44 22 32
2 9 25 30 22 32 17
2 9 25 28 22 32 17
2 9 16 44
2 9 16 30
2 9 16 28
2 9 16 22
