1
3
4
5
6
7
8
10
12
14
20
21
33
34
35
36
37
38
41
43
45
46
48
49
50
51
52
53
54
55
56
57
58
59
62
63
11 15
11 23
11 24
11 27
11 31
11 39
11 40
11 42
11 47
11 60
11 61
11 64
2 11
9 11
11 26 28
11 26 29
11 26 30
11 26 32
11 26 44
11 22 26
11 25 26
11 16 26
11 17 26
11 28 29
11 28 30
11 28 32
11 28 44
11 25 28
11 16 28
11 17 22 28
11 13 19 22 28
11 18 19 22 28
11 29 30
11 29 32
11 29 44
11 22 29
11 25 29
11 16 29
11 30 44
11 22 30
11 25 30
11 16 30
11 32 44
11 25 32
11 16 32
11 22 44
11 25 44
11 16 44
11 22 25
11 16 22
11 16 25
15 24
15 27
15 31
15 39
15 40
15 47
15 61
15 64
15 23 29
15 23 30
15 23 32
15 23 42
15 23 44
15 23 60
2 15 23
9 15 23
15 22 23
15 23 25
15 16 23
15 23 26
15 23 28
15 29 42
15 29 60
2 15 29
9 15 29
15 25 29
15 28 29
15 29 32 44
15 22 29 32
15 26 29 32
15 29 30 32
15 22 29 44
15 16 29 44
15 26 29 44
15 29 30 44
15 16 22 29
15 22 26 29
15 17 22 29
15 22 29 30
15 16 29 30
15 26 29 30
15 17 29 30
15 19 29 30
15 30 42
15 30 60
2 15 30
9 15 30
15 22 25 30
15 22 26 30
15 22 30 44
13 15 22 28 30
15 17 22 28 30
15 19 22 28 30
15 16 22 30 32
15 16 25 30
15 25 26 30
15 25 30 32
15 25 30 44
15 16 28 30
15 16 30 32 44
15 16 26 30 32
15 26 28 30
15 26 30 44
15 28 30 32
15 28 30 44
2 15 32
9 15 32
15 25 26 32
15 25 32 44
15 22 25 32
15 16 22 32 44
15 26 28 32
15 28 32 44
15 42 44
15 42 60
2 15 42
9 15 42
15 22 42
15 25 42
15 26 42
15 28 42
15 44 60
2 15 44
9 15 44
15 25 26 44
15 22 25 44
15 16 25 44
15 26 28 44
15 22 26 44
15 22 28 44
15 16 28 44
2 15 60
9 15 60
15 22 60
15 25 60
15 26 60
15 28 60
2 9 15
2 15 22
2 15 25
2 15 16
2 15 26
2 15 28
9 15 22
9 15 16
9 15 26
9 15 28
15 16 22 25
15 22 26 28
15 22 25 26
15 25 28
15 16 25 26
16 24
16 27
16 31
16 40
16 47
16 61
16 28 39
16 28 64
2 16 28 42
9 16 28 42
16 25 28 42
16 23 28 42
16 26 28 42
16 28 29 42
16 28 30 42 60
16 28 42 44 60
16 22 28 42 60
16 17 28 32 42 60
16 28 30 42 44
16 22 28 32 42 44
2 16 28 44
9 16 28 44
16 23 28 44
16 26 28 44
16 22 28 29 44
16 22 28 44 60
16 17 22 25 28 44
16 22 25 28 32 44
16 25 28 30 44
16 17 25 28 32 44
16 19 25 28 32 44
16 28 29 30 44
16 28 29 32 44
16 28 30 44 60
2 16 28 60
16 25 28 60
16 26 28 60
16 28 29 60
16 22 28 30 60
13 16 17 28 30 32 60
16 17 18 28 30 32 60
16 17 19 28 30 32 60
2 16 25 28
2 16 28 29
2 16 28 30
2 16 17 22 28 32
2 16 19 22 28 32
9 16 28 29
9 16 28 30
9 16 22 28 32
9 16 17 22 28
9 16 22 25 28
9 16 17 28 32
9 16 25 28 32
9 13 16 28 32
9 16 19 28 32
16 17 23 28 32
16 17 22 23 28
16 17 28 29 30 32
16 17 22 28 29 30
16 22 23 28 32
16 22 28 29 30 32
13 16 22 28 29 30
16 19 22 28 29 30
16 22 25 28 30 32
16 23 25 28
16 25 26 28
16 25 28 29
16 23 28 29
16 23 28 30
16 26 28 29
16 26 28 30
16 29 39
16 29 64
16 29 42 60
2 16 29 42
9 16 29 42
16 25 29 42
16 23 29 42
16 26 29 42
16 29 30 42 44
16 22 29 30 42
16 29 30 32 42
16 17 29 42 44
16 22 29 42 44
16 29 32 42 44
16 17 22 29 32 42
13 16 22 29 32 42
16 19 22 29 32 42
2 16 29 60
16 22 29 60
16 25 29 60
16 26 29 60
16 29 30 60
16 29 44 60
2 16 22 29
2 16 25 29
2 16 26 29
2 16 29 30
2 16 29 44
9 16 22 29
9 16 29 30
9 16 29 32
9 16 29 44
9 16 17 25 29
16 22 23 29
16 22 26 29
16 22 29 30 44
16 22 25 29 30
16 22 25 29 32
16 22 25 29 44
16 17 22 25 29
16 23 25 29
16 25 26 29
16 25 29 32 44
16 25 29 30 32
16 17 25 29 44
16 25 29 30 44
16 17 25 29 30
16 23 26 29
16 23 29 30
16 23 29 44
16 17 23 29 32
16 26 29 30
16 26 29 32 44
16 17 26 29 44
16 19 26 29 44
16 30 39
2 16 30 60
16 25 30 60
16 26 30 60
16 30 42 44 60
16 22 30 42 60
16 22 30 44 60
16 22 30 64
16 30 32 64
16 17 30 64
2 16 25 30
2 16 26 30
2 16 30 42
2 16 30 44
2 16 22 30 32
2 16 17 22 30
2 16 19 22 30
9 16 22 30
9 16 30 42
9 16 30 44
16 22 23 30
16 22 26 30 44
16 22 26 30 32
16 22 30 42 44
16 22 25 30 42
16 22 25 30 44
16 23 25 30
16 25 26 30
16 25 30 42 44
16 17 25 30 32 42
16 19 25 30 32 42
16 23 26 30
16 23 30 42
16 23 30 44
16 26 30 42
16 26 30 32 44
9 16 32 42
16 23 32 42
16 17 22 25 32 42
16 19 22 25 32 42
16 25 32 42 44
16 22 26 32 44
2 16 32 60
16 22 32 64
2 16 26 32
16 22 32 39
16 23 25 32
16 23 26 32
16 39 42
16 39 44
16 39 60
16 25 39
16 26 39
16 17 22 39
16 42 64
2 16 22 42
2 16 25 42
2 16 42 44
2 16 42 60
9 16 22 42
9 16 42 44
9 16 17 42
16 22 23 42
16 22 26 42
16 22 42 44 60
16 22 25 42 44
16 23 25 42
16 25 26 42
16 25 42 60
16 17 25 42 44
16 23 42 44
16 26 42 44
16 26 42 60
16 44 64
2 16 25 44
2 16 26 44
2 16 44 60
2 16 22 44
9 16 22 44
16 23 25 44
16 25 26 44
16 25 44 60
16 23 26 44
16 22 23 44
16 26 44 60
16 60 64
9 16 60
16 23 60
16 22 25 60
16 22 26 60
2 16 22 60
16 25 26 60
2 16 25 60
9 16 64
16 25 64
16 26 64
16 17 22 64
2 9 16
2 16 23
2 16 25 26
2 16 22 25
2 16 17 26
2 16 22 26
2 13 16 26
2 16 18 26
2 16 19 26
9 16 23
9 16 26
16 17 23 26
16 17 23 25
16 22 23 26
16 22 23 25
16 22 25 26
16 23 25 26
23 24
23 27
23 31
23 39
23 40
23 47
23 61
23 64
23 28 60
2 23 28
9 23 28
23 26 28
23 28 42 44
23 25 28 42
23 28 29 42
23 28 30 42
22 23 28 42
17 23 28 32 42
23 25 28 44
23 28 29 44
23 28 30 44
22 23 28 32 44
23 25 28 29
17 23 25 28
23 25 28 30
23 25 28 32
22 23 25 28
23 28 29 30
23 28 29 32
22 23 28 29
17 22 23 28 30 32
2 23 30
9 23 30
23 30 44 60
23 25 30 44
23 26 30 44
23 29 30 44
23 30 42 44
22 23 30 32 44
17 22 23 30 44
22 23 30 60
23 30 42 60
17 23 30 32 60
22 23 25 30
22 23 26 30
22 23 29 30
22 23 30 42
23 25 26 30
23 25 29 30
23 25 30 42
23 26 29 30
17 23 26 30 32
23 29 30 42
17 23 32 42 60
2 22 23 32
2 23 32 44
23 25 26 32
23 25 29 32
23 25 32 42
23 26 29 32
17 23 29 32 42
2 23 42
9 23 42
23 26 42
22 23 42 60
23 42 44 60
22 23 25 42
22 23 29 42
22 23 42 44
23 25 29 42
23 25 42 44
17 23 25 42
23 29 42 44
9 23 44
2 22 23 44
2 17 23 44
22 23 25 44
22 23 26 44
22 23 29 44
22 23 44 60
23 25 26 44
23 25 29 44
23 26 29 44
2 23 60
9 23 60
23 25 60
23 26 60
23 29 60
2 9 23
2 23 25
2 23 26
2 23 29
9 22 23
9 23 26
9 23 29
22 23 26 29
22 23 25 26
22 23 25 29
23 25 26 29
17 23 25 26
24 26
24 27
24 28
24 29
24 31
24 39
24 40
24 42
24 44
24 47
24 60
24 61
24 64
2 24
9 24
24 25
22 24 32
24 30 32
17 24 30
22 24 30
26 27
26 31
26 40
26 47
26 61
26 30 39
26 30 64
22 26 30 60
25 26 30 60
26 28 30 60
26 29 30 60
26 30 42 60
26 30 32 44 60
17 26 30 44 60
19 26 30 44 60
2 22 26 30
2 25 26 30
2 26 29 30
2 26 30 32
2 26 30 44
9 22 26 30
9 26 29 30
9 26 30 44
9 17 26 30 32
9 19 25 26 30 32
17 22 26 28 30 44
19 22 26 28 30 44
13 22 26 28 30 44
22 26 29 30 44
17 22 26 29 30 32
19 22 26 29 30 32
22 26 30 42 44
22 26 30 32 42
22 25 26 30 44
17 22 25 26 30 32
19 22 25 26 30 32
25 26 28 30
25 26 30 42
25 26 29 30 32
17 25 26 30 32 44
25 26 29 30 44
17 25 26 29 30
26 28 29 30
26 28 30 42
26 28 30 32 44
26 29 30 42
17 26 29 30 32 44
26 30 32 42 44
26 39 42
26 39 44
26 39 60
22 26 39
25 26 39
26 28 39
26 29 39
26 32 39
26 42 64
2 26 42
9 26 42
25 26 42 60
26 28 42 60
26 29 42 60
26 42 44 60
22 26 42 60
25 26 28 42
25 26 29 42
25 26 42 44
22 25 26 42
26 28 29 42
26 28 42 44
22 26 28 32 42
26 29 42 44
22 26 29 42
22 26 32 42 44
17 22 26 42 44
26 44 64
2 25 26 44
2 26 29 44
2 22 26 44
9 26 29 44
9 22 26 44
9 17 25 26 32 44
9 13 17 19 26 32 44
25 26 28 44
25 26 44 60
22 25 26 32 44
25 26 29 32 44
17 25 26 29 44
26 28 29 44
26 28 44 60
26 29 44 60
17 22 26 29 32 44
19 22 26 29 32 44
22 26 32 44 60
17 22 26 44 60
26 60 64
2 26 60
9 26 60
25 26 28 60
25 26 29 60
22 25 26 60
26 28 29 60
22 26 28 60
22 26 29 60
9 26 64
22 26 64
25 26 64
26 28 64
26 29 64
2 9 26
2 26 28
2 25 26 29
2 22 25 26
2 25 26 32
2 22 26 29
2 17 26 29 32
2 13 26 29 32
2 18 26 29 32
2 19 26 29 32
2 17 22 26 32
9 26 28
9 26 29 32
9 22 26 29
9 17 25 26 29
9 22 26 32
22 25 26 29
17 22 26 28 29 32
13 22 25 26 28 32
17 22 25 26 28 32
19 22 25 26 28 32
25 26 28 29
27 28
27 29
27 30
27 31
27 39
27 40
27 42
27 44
27 47
27 60
27 61
27 64
2 27
9 27
22 27
25 27
17 27 32
28 40
28 47
28 61
28 31 44
28 30 31
22 28 31 32
13 17 28 31 32
17 19 28 31 32
28 39 60
25 28 39
28 29 39
28 39 42
22 28 39 44
17 22 28 30 39
28 30 32 39
28 30 39 44
28 32 39 44
22 28 44 64
28 30 44 64
28 32 44 64
2 25 28 44
2 28 29 44
2 28 42 44
2 28 44 60
2 28 30 44
9 28 29 44
9 28 42 44
9 28 44 60
9 28 30 44
9 17 22 25 28 32 44
9 13 17 19 22 28 32 44
25 28 42 44 60
22 25 28 42 44
25 28 30 42 44
17 25 28 32 42 44
22 25 28 44 60
25 28 30 44 60
17 25 28 32 44 60
22 25 28 29 44
25 28 29 30 44
25 28 29 32 44
17 19 25 28 29 44
22 28 29 44 60
28 29 30 44 60
28 29 42 44 60
28 29 32 44 60
22 28 29 42 44
17 22 28 29 30 32 44
28 29 30 42 44
17 28 29 32 42 44
28 30 42 44 60
28 60 64
9 22 28 60
9 25 28 60
9 28 30 60
9 28 42 60
9 17 28 60
9 28 32 60
2 22 28 60
22 28 29 30 60
22 28 29 42 60
22 25 28 30 60
22 25 28 42 60
25 28 29 60
2 25 28 60
25 28 32 42 60
25 28 30 42 60
17 25 28 42 60
17 25 28 30 32 60
13 18 19 25 28 30 32 60
2 28 29 60
17 28 29 42 60
28 29 32 42 60
28 29 30 42 60
17 28 29 30 60
28 29 30 32 60
2 28 30 60
2 28 42 60
2 17 28 32 60
9 28 64
25 28 64
28 29 64
28 42 64
28 30 32 64
17 22 28 30 64
2 9 28
2 28 29 30
2 28 29 42
2 25 28 29
2 22 28 29 32
2 17 22 28 29
2 28 30 42
2 25 28 30
2 22 25 28 32
2 17 22 28 32 42
2 25 28 42
9 28 29 42
9 22 28 29
9 28 29 30
9 28 29 32
9 17 25 28 29
9 22 28 42
9 28 30 42
9 25 28 32 42
9 17 28 32 42
22 25 28 29 30
17 22 28 29 30 42
22 28 29 30 32 42
13 22 25 28 30 32 42
17 22 25 28 30 32 42
19 22 25 28 30 32 42
25 28 29 30 32
25 28 29 42
29 31
29 40
29 47
29 61
29 39 60
22 29 39
25 29 39
29 30 39
29 39 42
29 39 44
29 60 64
9 29 60
22 25 29 60
2 22 29 60
22 29 42 44 60
22 29 30 42 60
22 29 30 44 60
25 29 30 60
25 29 42 60
25 29 44 60
2 25 29 60
2 29 30 60
29 30 42 44 60
17 19 29 30 32 42 60
2 29 42 60
2 29 44 60
2 17 29 32 60
9 29 64
22 29 64
25 29 64
29 42 64
29 44 64
29 30 32 64
17 29 30 64
2 9 29
2 25 29 30
2 25 29 42
2 25 29 44
2 22 25 29
2 29 30 42
2 29 30 44
2 22 29 30
2 29 42 44
2 22 29 42
2 22 29 44
9 29 30 42
9 29 30 44
9 22 29 30
9 29 42 44
9 22 29 42
9 17 29 32 42
9 25 29 32 42
9 19 29 32 42
9 17 25 29 42
9 22 29 44
22 25 29 30 42
22 25 29 42 44
22 25 29 32 42
17 22 25 29 42
22 29 30 42 44
22 25 29 30 44
17 25 29 42 44
25 29 30 42 44
25 29 32 42 44
17 25 29 30 32 42
30 40
30 47
30 61
30 39 60
22 30 39 44
17 30 32 39 44
22 25 30 39
22 30 39 42
25 30 32 39
17 25 30 39
30 32 39 42
17 30 39 42
30 42 44 64
22 30 42 64
17 30 32 42 64
19 30 32 42 64
2 25 30 42
2 30 42 44
2 30 42 60
2 22 30 32 42
2 17 22 30 42
9 30 42 44
9 30 42 60
9 22 30 42
22 25 30 42 60
25 30 42 44 60
22 25 30 42 44
30 31 44
25 30 44 64
22 30 44 64
2 9 30 44
2 30 44 60
2 22 25 30 44
2 25 30 32 44
2 17 25 30 44
2 19 25 30 44
9 30 44 60
9 17 22 30 32 44
22 25 30 44 60
30 60 64
9 22 30 60
2 22 30 60
2 25 30 60
9 30 64
22 25 30 64
25 30 32 64
2 9 22 30
2 22 25 30 32
2 17 19 22 25 30
2 9 25 30 32
2 9 17 30 32
2 9 19 30 32
22 30 31 32
17 22 30 31
31 39
31 40
31 42
31 47
31 60
31 61
31 64
2 31
9 31
25 31
31 32 44
22 31 44
22 32 40
32 44 47
25 32 44 64
32 42 44 64
2 9 32 44
2 22 25 32 44
9 13 17 25 32 42 60
9 17 18 25 32 42 60
9 17 19 25 32 42 60
9 32 64
22 25 32 64
22 32 42 64
2 9 22 32
22 25 32 39
22 32 39 42
39 40
39 47
39 61
39 64
2 39
9 39
39 44 60
25 39 44
39 42 44
22 39 60
25 39 60
39 42 60
17 22 39 42
17 22 25 39
25 39 42
40 42
40 44
40 47
40 60
40 61
40 64
2 40
9 40
25 40
42 47
42 61
9 42 64
25 42 64
42 60 64
17 22 42 64
17 42 44 64
22 42 44 64
2 9 42
2 42 44 60
2 22 42 44
2 25 42 44
2 22 42 60
2 25 42 60
2 22 25 42
9 22 42 60
9 42 44 60
9 22 42 44
22 25 42 44 60
44 61
44 60 64
9 22 44 60
2 22 44 60
2 25 44 60
9 44 64
22 25 44 64
2 9 22 44
2 17 22 25 44
47 60
47 61
47 64
2 47
9 47
22 47
25 47
60 61
2 9 60
2 22 25 60
9 60 64
22 60 64
25 60 64
61 64
2 61
9 61
22 61
25 61
2 64
9 22 64
