1
3
4
5
6
7
8
10
12
14
20
21
33
34
35
36
37
38
41
43
45
46
48
49
50
51
52
53
54
55
56
57
58
59
62
63
64 2
64 23
64 60 44
64 60 42
64 60 30
64 60 29
64 60 28
64 60 26
64 60 25
64 60 22
64 60 16
64 44 30 22
64 42 44 32
64 42 44 30
64 42 44 22
64 42 44 17
64 42 30 32 19
64 42 30 32 17
64 42 30 22
64 42 29
64 42 28
64 42 25
64 42 22 32
64 42 22 17
64 42 16
64 29 44
64 29 30 32
64 29 30 17
64 29 28
64 29 25
64 29 22
64 29 16
64 28 44 32
64 28 44 30
64 28 44 22
64 28 30 32
64 28 30 22 17
64 26 44
64 26 42
64 26 30
64 26 29
64 26 28
64 26 25
64 26 22
64 26 16
64 25 44 32
64 25 44 30
64 25 44 22
64 25 30 32
64 25 30 22
64 25 28
64 25 22 32
64 16 44
64 16 30 32
64 16 30 22
64 16 30 17
64 16 28
64 16 25
64 16 22 32
64 16 22 17
64 9 60
64 9 44
64 9 42
64 9 32
64 9 30
64 9 29
64 9 28
64 9 26
64 9 22
64 9 16
61 2
61 9
61 11
61 15
61 16
61 22
61 23
61 24
61 25
61 26
61 27
61 28
61 29
61 30
61 31
61 39
61 40
61 42
61 44
61 47
61 60
61 64
60 42 29 44 30
60 42 29 44 22
60 42 29 30 32 17 19
60 42 29 30 22
60 42 29 28 44
60 42 29 28 32
60 42 29 28 30
60 42 29 28 22
60 42 29 28 17
60 42 29 25
60 42 29 16
60 42 28 44 30
60 42 25 44 30
60 42 25 44 22
60 42 25 30 22
60 42 25 28 44
60 42 25 28 32
60 42 25 28 30
60 42 25 28 22
60 42 25 28 17
60 42 16 44 30
60 42 16 44 22
60 42 16 30 22
60 42 16 28 44
60 42 16 28 32 17
60 42 16 28 30
60 42 16 28 22
60 42 16 25
60 29 44 30 22
60 29 28 44 32
60 29 28 44 30
60 29 28 44 22
60 29 28 30 32
60 29 28 30 22
60 29 28 30 17
60 29 25 44
60 29 25 30
60 29 25 28
60 29 25 22
60 29 16 44
60 29 16 30
60 29 16 28
60 29 16 25
60 29 16 22
60 26 44 30 32
60 26 44 30 19
60 26 44 30 17
60 26 44 22 32
60 26 44 22 17
60 26 42 44
60 26 42 30
60 26 42 29
60 26 42 28
60 26 42 25
60 26 42 22
60 26 42 16
60 26 30 22
60 26 29 44
60 26 29 30
60 26 29 28
60 26 29 25
60 26 29 22
60 26 29 16
60 26 28 44
60 26 28 30
60 26 28 22
60 26 25 44
60 26 25 30
60 26 25 28
60 26 25 22
60 26 16 44
60 26 16 30
60 26 16 28
60 26 16 25
60 26 16 22
60 25 44 30 22
60 25 28 44 32 17
60 25 28 44 30
60 25 28 44 22
60 25 28 30 32 19 13 18
60 25 28 30 32 17
60 25 28 30 22
60 16 44 30 22
60 16 28 44 30
60 16 28 44 22
60 16 28 30 32 17 18
60 16 28 30 32 17 19
60 16 28 30 32 17 13
60 16 28 30 22
60 16 25 44
60 16 25 30
60 16 25 28
60 16 25 22
47 2
47 9
47 11
47 15
47 16
47 22
47 23
47 24
47 25
47 26
47 28
47 29
47 30
47 31
47 39
47 42
47 60
47 64
47 44 32
42 29 44 30 22
42 29 28 44 32 17
42 29 28 44 30
42 29 28 44 22
42 29 28 30 22 32
42 29 28 30 22 17
42 29 25 44 32
42 29 25 44 30
42 29 25 44 22
42 29 25 44 17
42 29 25 30 32 17
42 29 25 30 22
42 29 25 28
42 29 25 22 32
42 29 25 22 17
42 29 16 44 32
42 29 16 44 30
42 29 16 44 22
42 29 16 44 17
42 29 16 30 32
42 29 16 30 22
42 29 16 28
42 29 16 25
42 29 16 22 32 19
42 29 16 22 32 17
42 29 16 22 32 13
42 25 44 30 22
42 25 28 44 32 17
42 25 28 44 30
42 25 28 44 22
42 25 28 30 22 32 19
42 25 28 30 22 32 17
42 25 28 30 22 32 13
42 16 30 22 44
42 16 28 44 30
42 16 28 44 22 32
42 16 25 44 32
42 16 25 44 30
42 16 25 44 22
42 16 25 44 17
42 16 25 30 32 19
42 16 25 30 32 17
42 16 25 30 22
42 16 25 28
42 16 25 22 32 19
42 16 25 22 32 17
40 2
40 9
40 11
40 15
40 16
40 23
40 24
40 25
40 26
40 28
40 29
40 30
40 31
40 39
40 42
40 44
40 47
40 60
40 64
40 22 32
39 2
39 9
39 15
39 23
39 64
39 60 44
39 60 42
39 60 30
39 60 29
39 60 28
39 60 26
39 60 25
39 60 22
39 60 16
39 44 30 32 17
39 44 30 22
39 42 44
39 42 30 32
39 42 30 22
39 42 30 17
39 42 29
39 42 28
39 42 25
39 42 22 32
39 42 22 17
39 42 16
39 29 44
39 29 30
39 29 28
39 29 25
39 29 22
39 29 16
39 28 44 32
39 28 44 30
39 28 44 22
39 28 30 32
39 28 30 22 17
39 26 44
39 26 42
39 26 32
39 26 30
39 26 29
39 26 28
39 26 25
39 26 22
39 26 16
39 25 44
39 25 30 32
39 25 30 22
39 25 30 17
39 25 28
39 25 22 32
39 25 22 17
39 16 44
39 16 30
39 16 28
39 16 25
39 16 22 32
39 16 22 17
31 2
31 9
31 11
31 15
31 16
31 23
31 25
31 26
31 29
31 39
31 42
31 60
31 64
31 44 32
31 44 30
31 44 22
31 30 22 32
31 30 22 17
31 28 44
31 28 30
31 28 22 32
31 28 17 19 32
31 28 17 13 32
29 28 44 30 22 32 17
29 25 44 30 22
29 25 28 44 32
29 25 28 44 30
29 25 28 44 22
29 25 28 44 17 19
29 25 28 30 32
29 25 28 30 22
29 16 44 30 22
29 16 28 44 32
29 16 28 44 30
29 16 28 44 22
29 16 28 30 32 17
29 16 28 30 22 32
29 16 28 30 22 19
29 16 28 30 22 17
29 16 28 30 22 13
29 16 25 44 32
29 16 25 44 30
29 16 25 44 22
29 16 25 44 17
29 16 25 30 32
29 16 25 30 22
29 16 25 30 17
29 16 25 28
29 16 25 22 32
29 16 25 22 17
27 2
27 9
27 11
27 15
27 16
27 22
27 23
27 24
27 25
27 26
27 28
27 29
27 30
27 31
27 39
27 40
27 42
27 44
27 47
27 60
27 64
27 32 17
26 42 44 30 32
26 42 44 30 22
26 42 44 22 32
26 42 44 22 17
26 42 30 22 32
26 42 29 44
26 42 29 30
26 42 29 28
26 42 29 25
26 42 29 22
26 42 29 16
26 42 28 44
26 42 28 30
26 42 28 22 32
26 42 25 44
26 42 25 30
26 42 25 28
26 42 25 22
26 42 16 44
26 42 16 30
26 42 16 28
26 42 16 25
26 42 16 22
26 29 44 30 32 17
26 29 44 30 22
26 29 44 22 32 19
26 29 44 22 32 17
26 29 30 22 32 19
26 29 30 22 32 17
26 29 28 44
26 29 28 30
26 29 28 22 32 17
26 29 25 44 32
26 29 25 44 30
26 29 25 44 17
26 29 25 30 32
26 29 25 30 17
26 29 25 28
26 29 25 22
26 29 16 44 19
26 29 16 44 17
26 29 16 30
26 29 16 28
26 29 16 25
26 29 16 22
26 28 44 30 32
26 28 44 30 22 19
26 28 44 30 22 17
26 28 44 30 22 13
26 25 44 30 32 17
26 25 44 30 22
26 25 44 22 32
26 25 30 22 32 19
26 25 30 22 32 17
26 25 28 44
26 25 28 30
26 25 28 22 32 13
26 25 28 22 32 19
26 25 28 22 32 17
26 16 44 32 30
26 16 44 32 29
26 16 44 32 22
26 16 44 30 22
26 16 28 44
26 16 28 30
26 16 25 44
26 16 25 30
26 16 25 28
26 16 25 22
26 16 22 32 30
24 2
24 9
24 11
24 15
24 16
24 23
24 25
24 26
24 28
24 29
24 31
24 39
24 42
24 44
24 60
24 64
24 30 17
24 30 32
24 30 22
24 22 32
23 60 44 30
23 60 44 22
23 60 42 44
23 60 42 32 17
23 60 42 30
23 60 42 22
23 60 30 32 17
23 60 30 22
23 60 29
23 60 28
23 60 26
23 60 25
23 60 16
23 44 30 22 32
23 44 30 22 17
23 42 44 30
23 42 44 22
23 42 30 22
23 42 29 44
23 42 29 32 17
23 42 29 30
23 42 29 28
23 42 29 25
23 42 29 22
23 42 29 16
23 42 28 44
23 42 28 32 17
23 42 28 30
23 42 28 22
23 42 25 44
23 42 25 32
23 42 25 30
23 42 25 28
23 42 25 22
23 42 25 17
23 42 16 44
23 42 16 32
23 42 16 30
23 42 16 28
23 42 16 25
23 42 16 22
23 29 44 30
23 29 44 22
23 29 30 22
23 29 28 44
23 29 28 32
23 29 28 30
23 29 28 22
23 29 25 44
23 29 25 32
23 29 25 30
23 29 25 28
23 29 25 22
23 29 16 44
23 29 16 32 17
23 29 16 30
23 29 16 28
23 29 16 25
23 29 16 22
23 28 44 30
23 28 44 22 32
23 28 30 22 32 17
23 26 44 30
23 26 44 22
23 26 42
23 26 30 32 17
23 26 30 22
23 26 29 44
23 26 29 32
23 26 29 30
23 26 29 25
23 26 29 22
23 26 29 16
23 26 28
23 26 25 44
23 26 25 32
23 26 25 30
23 26 25 22
23 26 25 17
23 26 16 44
23 26 16 32
23 26 16 30
23 26 16 25
23 26 16 22
23 26 16 17
23 25 44 30
23 25 44 22
23 25 30 22
23 25 28 44
23 25 28 32
23 25 28 30
23 25 28 22
23 25 28 17
23 16 44 30
23 16 44 22
23 16 30 22
23 16 28 44
23 16 28 32 17
23 16 28 30
23 16 28 22 32
23 16 28 22 17
23 16 25 44
23 16 25 32
23 16 25 30
23 16 25 28
23 16 25 22
23 16 25 17
23 9 60
23 9 44
23 9 42
23 9 30
23 9 29
23 9 28
23 9 26
23 9 22
23 9 16
23 2 60
23 2 44 32
23 2 44 22
23 2 44 17
23 2 42
23 2 30
23 2 29
23 2 28
23 2 26
23 2 25
23 2 22 32
23 2 16
23 2 9
16 25 44 30 22
16 25 28 44 32 19
16 25 28 44 32 17
16 25 28 44 30
16 25 28 44 22 32
16 25 28 44 22 17
16 25 28 30 22 32
15 64
15 60 44
15 60 42
15 60 30
15 60 29
15 60 28
15 60 26
15 60 25
15 60 22
15 44 30 22
15 42 44
15 42 30
15 42 29
15 42 28
15 42 25
15 42 22
15 29 44 30
15 29 44 22
15 29 32 44
15 29 32 30
15 29 32 22
15 29 30 19
15 29 30 22
15 29 28
15 29 25
15 29 17 30
15 29 17 22
15 29 16 44
15 29 16 30
15 29 16 22
15 28 44 30
15 28 44 22
15 28 32 44
15 28 32 30
15 28 22 19 30
15 28 22 17 30
15 28 22 13 30
15 26 44 30
15 26 44 25
15 26 44 22
15 26 42
15 26 29 44
15 26 29 32
15 26 29 30
15 26 29 22
15 26 28 44
15 26 28 32
15 26 28 30
15 26 28 22
15 26 25 32
15 26 25 30
15 26 22 30
15 26 22 25
15 26 16 30 32
15 26 16 25
15 25 44 30
15 25 44 22
15 25 32 44
15 25 32 30
15 25 32 22
15 25 30 22
15 25 28
15 23 60
15 23 44
15 23 42
15 23 32
15 23 30
15 23 29
15 23 28
15 23 26
15 23 25
15 23 22
15 23 16
15 23 9
15 23 2
15 16 44 32 30
15 16 44 32 22
15 16 28 44
15 16 28 30
15 16 25 44
15 16 25 30
15 16 25 22
15 16 22 32 30
15 9 60
15 9 44
15 9 42
15 9 32
15 9 30
15 9 29
15 9 28
15 9 26
15 9 22
15 9 16
15 2 60
15 2 44
15 2 42
15 2 32
15 2 30
15 2 29
15 2 28
15 2 26
15 2 25
15 2 22
15 2 16
15 2 9
11 2
11 9
11 15
11 23
11 39
11 42
11 60
11 64
11 44 32
11 44 30
11 44 22
11 30 22
11 29 44
11 29 32
11 29 30
11 29 28
11 29 25
11 29 22
11 29 16
11 28 44
11 28 32
11 28 30
11 28 22 19 13
11 28 22 19 18
11 28 22 17
11 26 44
11 26 32
11 26 30
11 26 29
11 26 28
11 26 25
11 26 22
11 26 17
11 26 16
11 25 44
11 25 32
11 25 30
11 25 28
11 25 22
11 16 44
11 16 32
11 16 30
11 16 28
11 16 25
11 16 22
9 60 44 30
9 60 44 28
9 60 44 22
9 60 42 44
9 60 42 30
9 60 42 28
9 60 42 25 32 17 18
9 60 42 25 32 17 19
9 60 42 25 32 17 13
9 60 42 22
9 60 32 28
9 60 30 28
9 60 30 22
9 60 29
9 60 26
9 60 25 28
9 60 22 28
9 60 17 28
9 60 16
9 42 44 30
9 42 44 28
9 42 44 22
9 42 30 28
9 42 30 22
9 42 29 44
9 42 29 32 17
9 42 29 32 19
9 42 29 30
9 42 29 28
9 42 29 25 17
9 42 29 25 32
9 42 29 22
9 42 29 16
9 42 25 28 32
9 42 22 28
9 42 17 28 32
9 42 16 17
9 42 16 44
9 42 16 32
9 42 16 30
9 42 16 28
9 42 16 22
9 30 28 44
9 30 22 32 17 44
9 29 44 30
9 29 44 28
9 29 44 22
9 29 32 28
9 29 30 28
9 29 30 22
9 29 25 28 17
9 29 22 28
9 29 16 44
9 29 16 32
9 29 16 30
9 29 16 28
9 29 16 25 17
9 29 16 22
9 26 44 30
9 26 44 19 13 32 17
9 26 42
9 26 29 44
9 26 29 32
9 26 29 30
9 26 29 25 17
9 26 29 22
9 26 28
9 26 25 44 32 17
9 26 25 30 32 19
9 26 22 44
9 26 22 32
9 26 22 30
9 26 17 30 32
9 26 16
9 25 28 44 22 32 17
9 19 13 28 44 22 32 17
9 16 44 30
9 16 44 28
9 16 44 22
9 16 30 28
9 16 30 22
9 16 25 28 32
9 16 25 28 22
9 16 22 32 28
9 16 19 32 28
9 16 17 28 32
9 16 17 28 22
9 16 13 32 28
2 60 44 30
2 60 44 22
2 60 42 44
2 60 42 30
2 60 42 29
2 60 42 28
2 60 42 25
2 60 42 22
2 60 42 16
2 60 30 22
2 60 29 44
2 60 29 32 17
2 60 29 30
2 60 29 28
2 60 29 25
2 60 29 22
2 60 29 16
2 60 28 44
2 60 28 32 17
2 60 28 30
2 60 28 22
2 60 26
2 60 25 44
2 60 25 30
2 60 25 28
2 60 25 22
2 60 16 44
2 60 16 32
2 60 16 30
2 60 16 28
2 60 16 25
2 60 16 22
2 42 44 30
2 42 44 22
2 42 30 22 32
2 42 30 22 17
2 42 29 44
2 42 29 30
2 42 29 28
2 42 29 25
2 42 29 22
2 42 29 16
2 42 28 44
2 42 28 30
2 42 28 22 32 17
2 42 25 44
2 42 25 30
2 42 25 28
2 42 25 22
2 42 16 44
2 42 16 30
2 42 16 28
2 42 16 25
2 42 16 22
2 29 44 30
2 29 44 22
2 29 30 22
2 29 28 44
2 29 28 30
2 29 28 22 32
2 29 28 22 17
2 29 25 44
2 29 25 30
2 29 25 28
2 29 25 22
2 29 16 44
2 29 16 30
2 29 16 28
2 29 16 25
2 29 16 22
2 28 44 30
2 26 44 30
2 26 44 22
2 26 42
2 26 32 17 22
2 26 30 32
2 26 30 22
2 26 29 44
2 26 29 32 13
2 26 29 32 18
2 26 29 32 19
2 26 29 32 17
2 26 29 30
2 26 29 25
2 26 29 22
2 26 29 16
2 26 28
2 26 25 44
2 26 25 32
2 26 25 30
2 26 25 22
2 26 16 13
2 26 16 18
2 26 16 19
2 26 16 44
2 26 16 32
2 26 16 30
2 26 16 25
2 26 16 22
2 26 16 17
2 25 44 30 19
2 25 44 30 32
2 25 44 30 22
2 25 44 30 17
2 25 44 22 32
2 25 44 22 17
2 25 30 22 32
2 25 30 22 17 19
2 25 28 44
2 25 28 30
2 25 28 22 32
2 16 44 30
2 16 44 22
2 16 30 22 19
2 16 30 22 32
2 16 30 22 17
2 16 28 44
2 16 28 30
2 16 28 22 32 19
2 16 28 22 32 17
2 16 25 44
2 16 25 30
2 16 25 28
2 16 25 22
2 9 60
2 9 44 32
2 9 44 30
2 9 44 22
2 9 42
2 9 29
2 9 28
2 9 26
2 9 25 30 32
2 9 22 32
2 9 22 30
2 9 19 30 32
2 9 17 30 32
2 9 16
