1
3
4
5
6
7
8
10
11
12
14
20
21
24
27
31
33
34
35
36
37
38
40
41
43
45
46
47
48
49
50
51
52
53
54
55
56
57
58
59
61
62
63
64 2
64 9
64 16
64 22
64 23
64 25
64 26
64 28
64 29
64 30
64 42
64 44
64 60
60 26
60 44 30
60 44 22
60 42 44
60 42 30
60 42 29
60 42 28
60 42 25
60 42 22
60 42 16
60 30 22 19
60 30 22 32
60 30 22 17
60 29 17
60 29 44
60 29 32
60 29 30
60 29 28
60 29 25
60 29 22
60 29 16
60 28 44
60 28 30
60 28 22 17
60 28 22 32
60 25 17
60 25 44
60 25 32
60 25 30
60 25 28
60 25 22
60 16 17
60 16 44
60 16 32
60 16 30
60 16 28
60 16 25
60 16 22
42 44 30 32
42 44 30 22
42 44 30 17 19
42 44 22 32
42 44 22 17 19
42 29 44
42 29 30
42 29 28
42 29 25
42 29 22
42 29 16
42 28 44
42 28 30
42 25 44
42 25 30
42 25 28
42 25 22
42 16 44
42 16 30
42 16 28
42 16 25
42 16 22
39 2
39 9
39 15
39 16
39 22
39 23
39 25
39 26
39 28
39 29
39 30
39 32
39 42
39 44
39 60
39 64
29 44 30 32
29 44 30 22
29 44 30 17
29 44 22 32
29 44 22 17
29 30 22 32
29 28 44
29 28 30
29 28 22 32 17
29 25 44
29 25 30
29 25 28
29 25 22
29 16 44
29 16 30
29 16 28
29 16 25
29 16 22
28 44 30 22 32
28 44 30 17 32
26 42
26 44 30
26 44 22
26 30 22
26 29 44
26 29 32 17
26 29 30
26 29 28
26 29 25
26 29 22
26 29 16
26 28 44
26 28 32
26 28 30
26 28 22
26 25 44
26 25 32
26 25 30
26 25 28
26 25 22
26 16 44
26 16 32
26 16 30
26 16 28
26 16 25
26 16 22
25 44 30 32
25 44 30 22
25 44 22 32
25 28 44
25 28 30
25 22 32 17 30
23 2
23 9
23 16
23 25
23 26
23 28
23 29
23 30
23 42
23 44
23 60
23 22 32
23 22 17 19
23 22 17 13 18
16 44 30 32
16 44 30 22
16 44 30 17 19
16 44 22 32
16 28 44
16 28 30 32
16 28 30 22
16 28 30 17
16 25 44
16 25 30
16 25 28
16 25 22
16 22 32 17 19 30
15 2
15 9
15 22
15 23
15 25
15 26
15 28
15 29
15 30
15 42
15 44
15 60
15 64
15 16 32
9 16
9 26
9 28
9 29
9 42
9 60
9 32 44
9 30 44
9 30 32
9 30 22
9 25 44 17
9 22 44
9 22 32
2 9
2 16
2 25
2 26
2 28
2 29
2 42
2 60
2 44 32
2 44 30
2 44 22
2 30 32
2 30 22
2 30 17 19
2 22 32 17
