3 7 9 19 24 30 32 33 39 51 52 57 67 68 70 80 85 87 90 98
1 2 3 13 26 27 28 33 36 37 39 45 52 58 63 66 68 73 74 75 79 80 83 85 87 91 93
2 7 10 11 12 16 17 23 26 28 31 33 34 36 37 39 40 41 42 52 64 66 68 70 72 73 75 76 80 83 87 90 92 93 94 95 99
1 2 4 7 10 11 17 19 22 23 26 33 36 39 41 45 51 52 55 57 63 66 67 70 74 75 76 80 84 86 99
15 16 25 28 31 41 42 51 55 59 68 70 86 95
1 7 11 13 16 19 21 26 28 29 30 34 36 51 52 53 57 58 65 66 68 70 74 76 80 85 88 89 91 99
1 2 9 10 12 13 15 16 19 26 30 32 33 36 38 39 41 42 51 64 67 68 73 76 77 80 86 91 95
1 2 3 8 9 11 13 17 30 31 33 39 44 47 51 52 55 58 63 65 66 68 72 74 75 80 85 87 89 90
9 10 12 23 31 33 34 37 42 43 44 49 57 63 66 67 74 85 89 91 93 95
1 3 11 12 13 15 16 19 21 31 32 34 36 39 45 51 52 63 68 70 73 74 75 76 80 82 85 86 97 99
1 2 3 9 10 11 13 16 17 19 20 21 23 26 28 30 32 34 37 39 45 51 58 65 68 70 72 74 76 80 81 84 86 87 89 92 93 95
2 6 10 12 19 26 28 31 32 36 37 41 45 52 57 58 61 65 66 67 70 73 75 80 85 86 87 88 89 90 92 99
7 9 12 13 15 23 26 30 32 34 36 39 45 51 52 55 62 70 71 72 75 80 87 89 91 95 99
1 10 15 16 32 33 34 51 52 55 58 63 70 72 78 85 92 99 100
11 35 36 39 41 48 55 64 65 70 76 85 90
10 13 16 17 18 30 58 65 69 88 95
3 11 15 17 19 50 55 60 68 76 92
1 9 23 31 33 34 36 42 44 54 70 72 83 87 90 93 96
2 3 10 11 15 19 23 26 30 31 36 42 44 46 52 55 56 58 63 66 67 68 72 73 74 75 76 84 86 87 88 91 93 99
5 12 14 16 19 67 74 85
1 2 7 12 16 30 31 37 45 52 63 66 67 86 87 90 95
7 9 26 37 51 67 70 75 80 91
2 10 26 31 33 37 39 45 52 63 66 72 75 76 83 85 87 88 90 91 95
7 9 10 11 12 15 19 21 23 26 30 32 34 39 41 42 45 51 52 55 58 63 64 65 68 70 72 73 76 84 88 93 95 99
1 3 7 16 19 37 42 58 65 66 67 73 75 80 84 85 86 90 91 93 95
11 12 26 32 39 42
1 10 11 13 21 23 33 34 36 39 41 45 55 57 58 64 65 66 70 73 84 86 88 89 93 95
2 3 11 12 16 21 23 28 32 33 36 39 41 42 44 52 65 66 67 68 73 74 80 83 87 90 91 93 99
2 3 7 12 13 15 17 26 31 34 37 41 44 45 55 58 63 64 65 66 72 73 74 80 83 85 89 90 92 95
1 9 12 13 15 17 21 26 33 41 42 45 51 55 63 66 67 70 74 75 76 80 83 90 92 93 99
