2 3 5 7 10 13 14 22 24 25 30 32 39 44 45 48 51 52 53 54 56 57 59 63 66 71 72 75 77 78 79 82 85 89 91 92 94 97
1 2 12 14 16 17 18 22 25 31 32 34 44 47 48 49 52 53 54 55 56 57 59 62 63 64 66 69 70 71 73 74 75 77 82 83 85 88 91 97
2 3 5 6 7 10 12 13 16 17 18 24 25 30 34 38 39 44 48 49 51 53 54 55 59 66 70 73 77 78 80 83 89 96
16 22 25 34 44 46 54 62 66 73 85 93 96
1 2 5 10 13 18 31 34 37 39 44 59 63 64 65 70 73 77 82 88 90 92 94 98
12 16 18 24 33 34 36 39 41 45 49 51 55 56 57 62 63 64 73 75 77 80 92 94 96 100
1 2 3 5 7 10 12 17 18 24 30 34 41 42 44 51 53 54 56 62 66 67 75 77 78 81 82 84 85 89 91
1 7 30 39 40 41 48 51 53 58 64 67 71 75 91 92
24 32 34 43 64 66 70 82 85 86 98
13 17 18 26 34 44 61 63 71 83 98
3 10 13 16 20 24 30 31 32 35 36 47 52 53 54 59 62 66 75 77 78 80 82 83 84 85 88 89 91 92 97
1 2 3 5 12 16 17 18 19 21 24 25 30 31 37 39 45 51 56 67 71 75 78 80 83 84 85 88 91 96 98
1 10 11 22 24 25 30 31 34 37 41 44 45 49 51 54 55 56 57 60 62 63 71 73 77 78 80 82 91 92 94 97 98
1 5 9 10 12 13 14 18 22 24 25 30 31 36 37 39 41 44 45 48 49 53 54 55 59 63 64 67 71 75 76 77 78 82 84 85 88 96 97
1 2 3 5 7 10 12 14 17 24 25 28 29 30 34 37 39 44 48 52 57 59 62 77 80 82 83 91 96 98
1 2 4 5 7 13 16 18 24 31 32 34 36 41 44 45 49 51 52 54 55 56 59 64 66 67 71 73 77 78 80 82 85 87 88 91 94 96 97 98
3 10 13 14 18 24 25 30 31 37 44 48 51 53 54 55 56 57 66 68 73 78 80 82 89 96 97 99
5 16 17 23 25 27 56 77 82 92
1 5 7 8 12 18 22 31 32 37 45 47 49 53 54 56 57 64 78 82 84 88 89 91 92 95 97 98
1 3 10 13 14 15 16 22 25 30 32 34 36 37 41 44 45 47 48 50 51 52 54 55 57 62 64 66 70 71 75 78 80 83 85 88 89 94 97 98
2 3 5 10 13 14 16 22 25 31 32 34 39 41 48 49 53 54 55 56 57 64 70 75 77 78 80 82 84 85 92 94 96 98
5 13 14 16 30 39 52 59 63 67 71 78 85 88 97 98
10 24 31 36 53 55 56 59 64 71 73
10 12 13 22 25 51 57 66 85 92
1 5 13 16 22 24 36 41 44 45 47 64 66 82 84 92 94 96
3 5 10 16 17 22 30 31 32 34 44 45 47 49 52 53 55 59 63 66 67 97
10 13 18 30 31 34 44 48 49 51 53 54 57 63 64 67 70 84 85 89
1 2 5 7 12 18 24 31 32 34 41 47 51 56 64 66 73 80 89 91 92 94 98
5 10 12 14 17 24 25 30 31 36 37 39 41 45 47 49 51 53 55 57 59 62 63 64 66 73 75 77 80 83 84 88 89 94 96 98
2 3 7 10 14 30 36 39 41 45 47 52 54 55 64 71 73 75 77 83 88 94 96 98
2 3 5 10 16 18 22 24 25 30 32 36 41 45 48 54 55 56 57 59 63 64 82 83 92 96 97 98
47 63 82
5 32 45 48 49 56 62 63 64 70 73 75 77 82 83 84 92 94 96
1 13 14 16 37 41 57 63 80 88
5 13 34 47 49 71 83 89 92 98
2 14 17 22 39 41 52 59 70 73 78 80 94
2 5 7 10 12 14 18 22 24 30 32 37 39 44 47 49 51 52 53 56 59 62 63 66 67 70 73 75 77 80 82 85 88 91 94 97
1 5 7 10 13 14 16 17 18 36 37 39 44 47 51 52 53 54 55 59 62 63 64 66 67 70 71 73 75 77 78 80 82 83 84 88 91 92 96 97
1 2 7 10 13 14 16 17 18 22 24 25 30 32 36 37 39 41 44 45 47 48 49 51 52 53 54 59 62 63 64 67 77 80 84 88 89 91 96 98
1 3 5 13 16 17 22 25 30 31 32 34 36 37 41 44 45 47 48 49 51 52 53 54 55 56 57 62 64 66 67 71 73 77 78 80 82 88 91
1 2 5 7 13 14 17 18 22 24 25 30 37 41 44 45 47 51 55 57 59 64 67 71 73 75 77 78 82 83 84 88 89 94 98
5 7 53 57 62 63 64 80 83 84 98
3 7 12 16 17 18 22 34 41 44 48 49 52 53 54 55 56 57 63 66 67 70 71 75 77 78 80 84 88 92 94 98
1 2 5 7 10 12 14 16 18 24 25 30 32 36 37 41 44 45 47 48 51 52 53 55 56 57 59 62 63 67 71 73 75 82 83 85 89 92 96
1 3 12 14 16 31 32 37 41 45 47 48 49 51 52 54 55 63 70 71 73 75 80 82 83 85 88 91 92
5 12 14 17 24 25 30 34 36 37 41 44 49 52 53 54 56 62 64 66 67 75 77 78 80 82 83 89 91 92 94
1 3 12 13 16 17 24 25 30 34 44 48 52 53 56 63 70 71 84 88 91 94 96 97 98
24 31 37 54 63 64 70 97 98
12 13 14 55 64
1 7 10 14 16 17 18 30 36 39 41 44 45 48 51 52 53 56 57 59 64 66 67 70 73 85 88 94 96 97 98
3 12 13 24 31 34 52 53 66 67 88 89 91 92 98
3 7 13 18 22 25 30 36 44 51 53 57 63 80 92 96 98
1 3 5 10 12 14 44 47 52 59 66 75 77 78 82 88 89 91
1 5 7 10 12 13 22 24 30 34 37 41 48 51 53 55 62 63 67 71 77 80 82 88 91 98
2 5 7 10 17 18 22 24 30 31 32 36 37 39 47 49 52 53 54 55 56 59 62 63 64 67 70 71 75 77 83 84 85 88 89 94 97
1 2 3 7 16 18 24 32 39 41 44 45 49 51 52 55 56 62 66 73 75 80 82 85 91 92 94 97
2 3 5 10 12 14 16 17 18 24 25 31 37 39 41 44 45 48 49 51 52 54 57 59 62 66 71 73 75 77 78 82 84 88 89 98
3 17 18 22 24 25 30 31 32 34 37 44 47 48 51 52 53 55 57 62 66 75 77 78 80 82 84 85 88 94 96 97 98
1 2 7 10 12 14 16 18 24 25 32 34 41 44 45 49 51 52 56 57 59 62 64 67 71 73 77 82 89 97 98
13 59 71 73 96
5 7 12 13 18 25 37 41 47 62 66 70 73 75 82 84 92 94
36 52 54 63 89
1 2 3 7 10 13 16 18 24 25 30 31 32 39 41 44 45 48 51 52 53 55 56 63 64 70 78 80 83 84 88 89 96 97
1 7 10 13 18 22 25 44 47 49 51 55 59 66 73 75 84 92 94 96
1 2 3 12 14 16 17 22 24 25 31 34 36 37 41 44 45 48 49 52 54 55 57 59 62 77 83 84 88 91 92 98
3 7 12 13 14 16 17 18 24 25 31 32 34 37 45 47 49 53 55 56 57 59 62 63 64 66 67 71 73 75 77
17 31 45 53 55 57 85 97 98
7 14 18 30 39 44 52 53 62 66 71 80 98
48 49 57 85
3 7 14 17 24 32 47 48 54 57 66 77 78 85 92
1 2 3 5 7 12 14 16 30 32 34 37 39 44 49 53 55 57 62 66 67 70 77 78 80 83 85 91 94 96
1 2 10 12 16 17 18 24 25 36 41 45 47 48 51 52 53 54 55 56 57 59 62 64 67 70 80 82 83 84 85 89 92 94 97 98
12 37 39 44 47 55 84 89 96
2 3 5 7 10 12 13 14 16 17 18 24 32 36 37 41 44 45 48 49 51 52 57 62 63 64 67 70 73 75 77 78 82 83 88 94 97
5 12 14 17 31 34 44 62 67 73 85 89 91 96 97
1 7 12 13 17 36 47 52 54 63 66 78 80 82 85 89 91 98
1 2 3 5 12 13 14 22 25 31 37 41 48 49 51 52 54 55 56 63 66 67 73 75 80 82 83 88 91 92 97
1 5 14 17 24 25 30 34 45 47 48 55 56 62 63 64 66 67 73 77 88 91 92 94 96 97 98
1 2 3 5 10 12 13 16 17 18 22 25 30 31 32 34 37 41 44 47 49 54 57 59 62 63 66 70 73 77 82 83 85 89 91 92 94 96 97 98
1 2 5 7 10 22 24 25 34 39 41 44 49 51 53 54 56 57 59 62 66 71 77 82 83 84 88 94 97 98
1 2 5 10 13 14 18 24 30 32 36 37 44 45 47 51 53 59 63 67 78 83 97 98
2 5 17 36 48 51 88 92 94
1 3 7 12 16 18 24 31 34 37 39 49 55 57 62 64 75 78 83 98
1 2 3 10 12 17 22 30 32 36 37 39 41 47 49 52 55 57 59 67 70 75 78 82 89 92
12 13 14 16 17 18 24 32 34 37 39 44 45 47 48 51 53 57 59 66 71 85 88 98
3 5 10 13 14 17 22 30 37 41 45 49 51 52 53 54 56 57 63 73 78 85 88 96 97
1 2 10 12 14 17 22 31 32 34 36 39 41 44 47 48 49 51 56 62 63 71 77 80 82 83 84 85 89 94 96 98
77
1 2 3 7 13 17 18 22 30 32 36 44 45 47 49 52 53 56 57 59 66 70 77 78 82 83 84 85 88 89 91 96 97
16 22 39 44 45 48 64 73 91
10 22 32 41 55 63 64 70 78 80 82 98
22 52 57
14 16 32 52 80 89 91
3 5 7 10 17 18 25 30 32 34 37 39 41 45 52 59 62 63 64 66 67 73 77 80 84 85 97
1 2 5 7 13 16 17 18 30 37 41 45 47 49 51 52 53 54 55 56 59 66 67 70 71 75 85 88 92 96 97
1 2 3 5 10 13 14 18 30 31 32 34 36 48 51 52 55 59 62 64 66 71 75 80 82 83 84 85 88 92 94 97
7 13 31 32 45 66 78 84 89
2 5 10 12 13 14 24 31 39 41 44 45 49 51 53 55 57 59 62 63 64 70 71 75 77 80 84 91 92 96 97 98
5 16 22 31 34 36 56 63 70 82 96
1 3 10 13 14 16 17 18 22 25 30 31 34 36 37 39 41 45 47 51 52 55 56 59 63 66 67 73 77 78 80 82 85 96 98
