3 6 13 11
3 6 13 10 8
3 6 13 9 8
3 6 12 11
3 6 12 10 8
3 6 12 9 8
3 5 13 9
3 5 13 10
3 5 13 11
3 5 12 9
3 5 12 10
3 5 12 11
3 4 13 11
3 4 13 10 8
3 4 13 9 8
3 4 12 11
3 4 12 10 8
3 4 12 9 8
2 6 8 9
2 6 8 10
2 6 8 11
2 6 3 11
2 5 8 9
2 5 8 10
2 5 8 11
2 5 3 9
2 5 3 10
2 5 3 11
2 4 11 3
2 4 11 6
2 4 11 7
2 4 11 8
2 4 10 8
2 4 10 5 6
2 4 10 5 7
2 4 9 8
2 4 9 5 6
2 4 9 5 7
1 6 13 8 9
1 6 13 8 10
1 6 13 8 11
1 6 12 8 9
1 6 12 8 10
1 6 12 8 11
1 5 13 8 9
1 5 13 8 10
1 5 13 8 11
1 5 12 8 9
1 5 12 8 10
1 5 12 8 11
1 4 13 11 6
1 4 13 11 7
1 4 13 11 8
1 4 13 10 8
1 4 13 10 5 6
1 4 13 10 5 7
1 4 13 9 8
1 4 13 9 5 6
1 4 13 9 5 7
1 4 12 11 6
1 4 12 11 7
1 4 12 11 8
1 4 12 10 8
1 4 12 10 5 6
1 4 12 10 5 7
1 4 12 9 8
1 4 12 9 5 6
1 4 12 9 5 7
