8 9 10 11 18 20 25 28 29 32 34 35 40 44 48 49 57 61 65 69 70 72 73 74 77 80 83 84 89 91 93 95 97 98 100
11 20 24 43 65 71
3 7 8 10 15 17 20 23 24 30 31 35 39 41 44 45 47 53 57 60 63 69 77 78 80 84 86 90 91 94 98 100
8 9 11 18 20 24 25 27 33 35 39 41 44 45 47 49 51 53 55 57 60 61 65 69 70 72 73 78 80 83 85 86 88 89 90 94 96 97 100
7 20 39 49 63 64 65 70 81 90 98
7 9 13 15 25 27 34 35 39 44 45 47 48 59 61 62 63 65 68 74 78 85 90
7 11 18 21 23 25 39 40 47 48 49 55 69 73 74 82 83 94 95 98
7 10 15 16 18 24 25 26 28 30 33 34 35 44 48 55 57 60 61 62 63 65 70 72 78 84 85 86 88 89 90 91 93 95 97 98
6 7 8 9 10 20 24 27 33 34 39 41 44 49 50 52 53 54 57 60 68 70 72 78 80 83 84 85 88 89 91 95 99 100
2 9 10 11 15 20 24 33 35 37 39 40 41 44 45 48 49 54 60 62 63 65 70 72 73 74 77 78 83 84 85 89 93 94 95 100
6 7 8 9 10 15 18 20 22 49 57 61 65 68 74 75 77 78 85 86 88 89 91
4 8 9 11 15 20 31 36 39 41 49 69 70 78 80 83 89 93 94 97
7 9 14 15 18 20 24 30 31 41 52 53 54 55 57 62 65 70 73 79 83 85 86 90 93 98 100
6 11 15 23 31 35 38 41 56 57 60 88 91 93 94
1 8 10 11 15 18 23 27 30 34 35 40 44 47 48 49 52 53 55 57 58 61 62 63 69 73 77 83 84 85 88 90 95 97 98 100
6 7 8 10 18 20 24 25 30 31 33 35 39 41 42 44 46 47 49 52 61 63 65 68 73 77 84 86
5 6 7 8 9 11 12 15 18 23 24 25 27 33 34 35 39 47 53 54 55 60 61 65 68 72 73 77 78 80 83 84 85 86 88 91 93 94 95 98
6 7 8 9 18 20 23 24 30 34 35 39 44 45 48 53 54 55 57 60 61 62 63 65 66 70 72 77 80 85 88 91 92 100
9 10 11 15 18 19 24 27 28 30 34 41 45 48 49 53 55 61 63 68 72 73 76 78 80 85 86 88 89 93 94 95 100
24 52 54 55 67 87 90
9 10 15 18 23 24 25 28 31 33 35 40 41 44 45 47 48 49 52 53 54 55 57 62 68 69 70 72 74 77 78 80 83 86 88 89 97 100
6 8 9 20 24 27 33 34 39 52 53 54 55 57 60 61 62 63 68 69 70 74 77 78 83 84 85 86 89 90 93 95 97 98
6 7 11 15 20 24 25 31 33 34 35 39 40 44 48 53 54 55 57 62 68 69 72 73 74 77 78 80 83 84 88 90 91 93 94 97 98 100
6 11 20 23 24 25 28 30 31 35 39 41 47 49 52 53 54 60 61 68 70 74 78 80 85 86 88 89 90 93 94 95 97
6 7 9 10 18 24 33 47 48 49 53 55 61 62 65 69 74 77 80 86 89 90 97 100
49 80
6 8 9 11 18 24 25 27 28 30 31 34 35 39 41 45 47 48 49 52 57 62 63 65 68 70 72 74 84 86 88 89 90 93 94 95 97 98 100
6 8 9 25 34 45 47 48 53 54 60 63 65 69 72 74 85 88 89 98
6 10 11 15 18 20 23 28 33 34 35 44 45 48 49 52 54 55 57 60 62 70 78 80 83 84 88 90 93 97
9 15 20 23 24 28 39 40 44 53 54 57 60 62 63 69 70 72 73 77 80 83 88 89 93 98
6 7 18 20 23 24 25 30 33 35 40 41 48 49 52 54 55 61 68 69 78 80 88 90 93 94 95 97 100
8 10 11 15 18 20 23 25 28 30 31 33 34 39 40 41 44 47 49 53 55 60 61 62 63 68 69 70 72 73 74 77 80 83 84 85 89 95 97 98 100
7 15 25 28 33 57 73 74 84 94
6 7 8 9 10 11 20 27 28 30 31 33 39 40 41 44 45 47 48 52 54 55 62 70 72 73 80 83 84 86 88 89 90 93 95 97 98 100
6 23 30 33 34 39 47 48 49 53 55 57 62 90
7 9 10 15 20 23 25 28 35 39 40 41 44 47 49 52 55 62 63 65 73 77 78 83 84 85 86 88 89 90 91 95 97 98 100
9 11 18 20 23 24 27 28 31 44 45 47 49 53 54 55 57 60 69 73 80 83 85 88 98
11 18 20 24 27 39 40 44 52 55 60 62 69 70 78 83 85 88 90 95 97 100
7 8 10 15 23 25 27 31 34 44 47 52 63 68 69 70 73 77 80 85 90 94 97 98
28 35 70 73 80 85 86 89
7 9 20 23 28 30 35 39 45 48 49 53 62 63 70 72 73 78 83 86 89 90 91 93 98 100
6 8 10 11 18 24 27 31 34 35 40 41 44 45 49 52 53 54 60 62 65 70 72 73 83 84 85 86 94 97 98 100
6 10 18 20 24 28 30 31 33 40 41 45 47 48 49 52 54 55 70 72 73 80 83 84 85 88 90 93 94 95 97
9 10 11 15 18 23 24 27 31 39 40 41 47 48 55 61 62 68 70 78 83 84 85 86 91 95 100
7 35 73
7 8 30 33 47 49 52 54 61 70 77 80 85 95
23 30 35 41 48 70 72 78 80 91 93 95 100
11 80
11 23 24 30 31 35 39 41 47 49 52 54 57 60 61 63 69 70 80 88 89 98 100
6 8 9 11 24 31 34 35 52 57 68 69 70 80 84 91 98
28 31 44 49 70 74 80 93
6 10 11 28 31 35 40 47 48 49 53 69 70 78 84 86 88 90 100
7 8 15 18 20 23 24 25 27 30 31 33 54 61 65 68 77 83 84 86 88 93 95 97
6 7 8 9 11 15 18 24 27 31 33 34 35 41 47 49 52 53 54 55 57 60 62 65 69 70 72 74 77 78 80 83 84 85 88 89 94 95 100
7 10 11 15 31 33 35 39 40 41 44 45 47 52 53 60 62 69 70 74 77 84 85 89 90 91 97
7 11 24 27 34 39 41 44 47 52 55 60 61 63 77 78 85 88 98 100
6 7 8 9 10 18 23 25 27 28 31 33 34 35 39 40 45 47 48 52 53 55 57 60 61 68 69 70 72 77 83 88 91 95 97 98 100
6 9 10 11 15 18 20 27 28 30 31 33 34 39 40 41 44 47 48 52 53 60 62 63 65 68 69 70 77 78 80 84 86 89 91 94 95 98 100
8 15 18 20 25 27 28 30 31 33 34 39 40 41 44 47 48 49 52 53 54 55 60 63 65 69 74 77 78 80 83 85 86 90 94 98 100
6 20 25 35 39 53 54 60 62 70 78 85 86 91 94
6 7 8 9 10 11 24 25 27 30 31 35 39 40 41 44 45 47 54 57 60 61 63 69 70 74 77 78 80 83 84 85 86 89 93 95 97 98
6 7 28 31 35 39 44 45 49 55 74 78 83 84 86 89 90 93
69
24 27 28 40 44 74 90 97
7 8 9 11 20 23 27 28 30 33 34 35 39 40 44 45 47 49 53 54 55 57 60 61 68 69 73 74 77 78 80 85 89 90 94 97 98
9 20 24 33 39 41 44 47 49 55 62 63 65 70 91 100
7 9 11 27 33 34 39 49 55 68 72 73 77 84 85 89 91 94 95 98
10 31 40 45 47 65 72 73 78 85
6 7 8 10 18 20 23 24 27 30 33 34 39 40 41 44 47 49 52 53 54 57 62 63 69 70 73 74 80 83 84 89 91 94 97 98
7 10 15 18 20 28 33 34 40 41 44 52 54 60 61 68 70 72 74 80 91 93 97 98
6 8 9 10 15 18 23 24 25 28 30 35 39 40 49 52 53 54 57 60 61 62 65 69 74 78 80 83 84 85 86 89 90 91 95 97 98 100
6 9 10 11 20 23 25 30 35 39 40 41 44 49 54 55 60 61 62 63 65 68 70 73 74 78 80 83 84 85 86 88 93 95 98 100
7 8 15 18 20 28 31 34 35 39 40 41 44 45 48 53 55 57 60 62 63 68 69 77 78 84 85 86 89 93 94 97 100
6 7 10 11 15 20 23 25 28 40 45 48 49 54 55 61 63 74 78 83 84 89 90 93 97 100
7 20 25 28 30 31 34 35 48 55 62 63 69 72 73 80 89 91 93 98
15 20 23 24 39 40 41 45 49 52 55 61 65 68 69 84 85 88 95
6 10 11 20 25 30 31 35 40 45 48 54 55 57 61 62 69 77 80 83 85 91 93 94 95 97 98 100
6 9 10 11 20 24 27 31 35 40 44 47 49 53 54 55 60 61 68 70 78 80 84 86 94 97 98
40 41 78 86
6 7 9 10 15 23 25 31 33 35 40 41 44 48 55 57 60 61 63 73 74 77 80 83 86 89 91 93 94 95 100
8 10 11 18 20 23 24 25 27 28 31 34 35 41 44 45 47 48 49 52 54 60 62 65 68 70 72 73 74 78 80 83 88 89 90 94 98
23 25 33 39 53 55 68 70 72 85 88 90 95
6 7 8 11 15 18 27 34 35 40 44 45 48 52 53 54 55 61 63 70 73 74 78 84 85 86 89 90 91 93 94 97 98
11 15 20 24 25 77 93 94
6 9 10 15 25 31 39 40 47 52 53 54 55 57 60 61 63 68 69 73 74 77 78 80 83 85 86 88 97
6 15 18 24 25 27 34 47 48 52 53 54 55 70 72 73 77 84 88 90
7 8 9 15 20 23 28 30 31 33 34 35 39 40 41 44 49 57 60 61 63 68 69 70 77 78 83 85 89 90 93 94 95 97 100
6 8 11 25 28 30 40 44 69 72 77 83 97 98
6 8 10 18 23 31 33 34 35 40 44 48 52 54 55 62 65 68 70 72 73 74 77 83 84 85 88 89 95
6 8 15 20 27 47 54 55 61 62 80 83 94 95
7 8 11 15 18 20 23 27 31 34 35 41 45 48 49 52 54 57 60 61 62 63 65 69 74 80 83 84 85 88 91 94 97 100
7 9 11 15 23 25 28 31 45 49 52 54 62 72 74 80 83 84 88 91 95 97
9 10 23 24 28 39 54 55 61 68 70 72 73 78 84 89 91
25 69
11 20 24 25 27 28 30 35 40 45 47 52 54 60 65 70 72 73 74 78 80 84 85 86 88 89 91 94 95 97
6 8 9 11 18 20 23 28 30 31 34 39 41 44 45 49 54 62 69 73 74 77 78 80 83 86 89 90 91 93 94 97 100
6 7 8 9 23 24 33 53 60 65 68 69 77 78 80 85 86 90 93 97 98
7 11 15 20 25 27 30 31 34 35 40 48 53 55 57 60 61 65 72 78 84 89 90 94 95 98
