16 7 9 4 15 30 9 16 16 30 21 5 29 14 17 22 30 23 11 1 26 20 

14 29 
17 
18 13 19 16 18 20 23 16 6 4 3 
9 26 7 25 8 23 20 16 20 16 1 15 15 27 24 7 9 27 15 21 20 3 
21 8 27 9 24 
6 2 14 21 12 8 6 29 18 10 29 15 19 7 1 18 7 2 9 28 15 
11 16 12 10 28 6 12 27 16 10 26 23 30 16 28 30 30 
25 29 5 30 17 15 9 23 24 23 13 16 
11 4 14 23 29 6 13 2 13 21 4 14 10 21 21 16 14 30 11 13 6 8 29 14 28 16 24 
6 9 14 7 6 25 20 27 8 3 13 20 27 4 17 22 22 16 10 17 20 3 26 13 5 12 

2 19 18 11 3 22 1 20 1 26 2 
13 3 17 15 24 14 28 29 27 16 11 12 18 2 20 
16 16 24 30 
4 26 13 7 5 27 21 29 22 11 
1 8 20 15 13 7 12 18 8 3 1 25 
22 19 5 5 20 
20 14 3 27 29 16 1 3 1 20 26 24 11 3 11 9 25 7 13 2 2 27 29 
10 8 2 9 29 27 26 24 28 3 4 24 4 15 3 7 16 23 17 
28 26 8 5 18 13 15 11 14 12 20 26 7 9 4 27 15 10 12 2 22 
6 14 
19 24 11 13 11 7 23 14 3 1 4 1 11 12 
30 30 6 21 22 13 23 4 20 24 23 14 5 
19 2 30 27 10 10 30 24 15 4 12 12 16 27 29 11 26 8 1 18 12 16 3 
6 10 16 16 17 10 24 12 29 9 22 28 5 1 18 24 6 18 14 13 2 13 4 10 8 12 
2 13 20 19 6 8 5 9 18 9 7 17 
2 2 16 2 12 7 16 14 20 20 17 13 9 7 1 19 11 5 23 12 8 17 12 24 2 2 21 15 24 29 
27 1 3 5 6 29 30 22 16 6 8 27 9 10 20 23 10 22 9 24 27 14 22 22 8 22 29 22 26 20 
10 6 26 3 17 27 5 13 10 29 24 10 20 1 28 18 4 1 20 11 12 26 25 7 21 20 14 18 
3 17 30 20 
8 14 9 15 9 21 20 27 13 29 27 24 2 17 25 27 
1 13 28 27 22 30 7 9 12 27 7 19 
15 
11 2 13 23 14 16 17 15 22 2 17 16 19 10 11 15 25 21 
23 15 29 14 23 5 13 11 30 5 18 6 19 22 21 12 12 15 1 15 30 25 7 3 26 25 11 14 15 9 
15 13 27 30 28 12 1 25 2 20 10 21 9 6 25 
7 27 14 7 1 17 28 15 27 10 20 29 8 
16 12 14 3 24 15 5 28 3 4 3 27 8 28 8 3 27 7 5 19 
14 20 
4 3 2 24 1 3 11 
11 21 26 20 27 11 7 29 25 29 28 19 13 6 9 15 28 28 30 15 17 2 8 25 28 
26 29 
17 29 17 5 9 
15 15 
14 21 4 1 17 14 20 
26 16 16 16 5 21 17 23 13 5 25 5 30 4 6 6 25 11 21 13 11 19 4 10 18 13 
6 15 1 5 13 14 
14 3 12 20 16 8 5 24 20 11 13 9 30 24 20 25 3 1 16 21 28 11 28 3 8 27 
3 19 17 23 25 5 21 16 16 6 25 30 7 22 3 
24 12 8 9 9 30 27 27 25 12 
8 2 25 27 25 25 11 5 28 9 30 24 23 2 7 13 15 19 20 29 14 
2 2 2 20 13 3 25 13 
4 19 1 5 7 13 2 9 28 8 12 2 25 25 4 13 2 23 9 8 16 7 19 
2 11 20 27 28 
4 4 2 25 5 10 
26 13 18 9 30 7 13 26 20 
7 15 10 8 15 30 11 2 1 1 1 29 11 7 23 1 21 29 20 15 29 10 9 13 21 18 17 
14 20 19 13 19 23 17 12 6 23 21 14 6 1 11 4 5 2 
12 4 19 28 29 4 2 19 25 20 2 9 26 9 10 11 29 30 8 
30 28 
7 9 15 29 12 22 8 17 13 30 25 15 27 26 30 3 30 13 9 
29 28 25 17 19 22 17 4 12 4 1 17 24 23 18 26 19 4 13 27 27 4 13 13 19 17 2 3 18 
29 23 25 23 13 18 15 14 15 6 12 10 30 28 16 
7 17 20 22 9 23 8 19 10 10 29 21 30 10 28 12 20 17 20 30 28 30 1 4 3 
17 14 4 9 18 4 30 16 27 28 19 30 3 6 
20 29 30 25 19 16 25 
30 2 30 1 12 8 23 7 26 27 10 23 22 10 8 15 26 26 8 29 5 11 24 22 12 18 24 12 9 
23 9 3 27 30 13 14 18 8 21 11 22 11 
27 15 13 15 12 19 29 25 2 2 4 
1 14 13 5 28 29 16 1 25 14 6 20 19 14 12 7 5 2 26 24 18 23 8 22 19 20 10 
30 7 5 15 23 9 26 19 27 22 6 26 1 9 17 15 18 8 10 28 29 29 2 9 
7 17 2 11 6 10 10 8 1 16 23 4 2 26 19 25 13 15 22 2 4 13 27 15 29 13 18 
5 19 3 20 18 2 6 
2 29 21 26 2 28 8 5 18 9 11 14 21 25 13 20 
18 24 29 16 12 3 18 13 4 13 18 5 29 2 29 
16 21 6 
6 21 20 20 19 19 3 12 14 21 28 2 30 2 23 1 5 7 3 
21 11 19 18 22 20 22 29 
17 28 6 4 11 9 21 7 2 19 13 7 9 8 8 15 5 9 22 26 4 
18 
21 3 22 13 11 29 18 2 10 3 11 2 4 27 17 25 24 9 13 8 24 26 
19 28 17 14 11 12 24 10 8 18 17 
30 4 1 28 14 27 15 21 21 2 23 7 23 12 18 13 
2 27 11 21 7 13 19 16 8 4 4 29 20 14 21 21 5 25 22 4 17 3 27 5 7 9 10 25 3 
11 7 23 23 26 8 23 26 23 12 
29 27 18 6 21 5 9 14 14 8 19 3 4 21 1 2 20 11 18 25 15 23 14 10 29 13 15 9 3 
8 7 21 11 11 11 6 20 6 1 13 28 6 6 12 25 21 3 20 12 4 26 29 21 10 2 2 2 
28 21 13 10 24 3 25 10 16 11 23 22 11 7 24 3 16 11 7 16 4 26 6 9 10 
2 21 1 11 26 4 18 13 14 10 26 22 15 12 15 15 27 15 14 
5 
28 15 25 3 
7 7 25 28 15 1 12 20 13 6 12 10 25 28 13 25 1 5 7 28 1 16 

12 24 10 4 8 21 17 16 4 26 14 6 23 28 17 12 5 11 1 12 9 27 30 17 2 23 
24 20 30 12 11 8 18 28 13 23 2 
5 24 2 28 28 8 27 18 29 6 26 4 10 7 14 11 
27 25 
2 1 10 24 7 9 14 18 23 
21 15 7 24 9 21 25 2 2 24 27 27 20 17 4 19 10 1 25 2 19 5 22 17 17 24 27 12 21 
17 14 16 14 12 5 29 28 28 27 22 26 15 5 22 5 29 
1 26 5 28 4 9 16 13 12 11 28 3 25 30 7 4 4 25 
22 12 28 4 7 12 27 1 28 4 4 30 17 3 15 20 14 5 15 21 7 2 8 4 21 14 16 
9 28 19 16 20 23 12 22 9 7 30 24 27 4 24 11 2 16 30 28 29 6 14 
17 21 9 26 8 27 8 28 13 
23 16 26 21 30 25 29 29 14 26 26 14 29 28 3 
9 22 21 9 27 
11 17 29 9 4 3 9 15 12 21 27 7 11 23 27 2 20 10 14 20 18 
13 
20 10 11 20 
12 30 9 14 24 2 17 2 20 30 29 21 29 15 30 4 
27 17 27 1 19 11 22 2 26 16 19 
2 23 9 15 2 1 23 9 10 22 24 
24 21 15 18 30 4 15 23 24 6 7 30 26 27 5 1 11 16 19 18 30 13 2 28 7 14 10 3 
5 6 16 8 10 27 5 
19 15 26 4 25 16 12 6 3 28 9 21 15 28 2 8 18 27 4 30 16 5 19 22 14 18 24 11 27 
2 22 11 20 14 13 16 17 10 9 28 20 21 16 29 15 23 
27 9 17 1 24 15 29 13 22 1 9 20 1 14 27 5 1 11 
23 30 20 10 7 16 4 16 8 6 30 16 15 2 19 29 10 27 5 13 22 26 30 
25 
4 3 29 28 12 11 30 3 24 30 24 4 21 3 4 12 3 26 30 13 20 19 9 8 
25 14 14 1 3 7 29 18 21 24 2 21 21 30 14 12 
22 21 23 29 12 7 22 10 10 27 2 28 10 2 4 15 2 24 17 1 
23 19 27 11 15 10 25 18 9 5 2 
9 24 11 18 17 10 8 28 14 10 6 2 19 11 3 5 21 5 9 1 16 21 8 26 23 12 18 15 18 
23 2 18 27 10 21 27 26 7 16 27 23 29 30 21 17 26 23 28 

13 20 22 3 25 17 12 2 7 23 30 5 21 7 15 25 30 12 26 20 2 2 20 14 22 19 
6 7 29 8 12 29 16 30 17 27 22 26 
10 18 6 3 25 8 26 7 23 20 1 29 1 24 7 21 24 19 22 19 29 30 18 7 3 29 
28 23 12 13 8 20 20 14 14 5 
4 4 3 25 8 12 21 28 29 12 20 10 2 9 4 19 19 22 
30 
8 1 27 4 
9 14 9 21 23 25 24 11 24 4 24 11 9 6 28 10 27 23 1 3 23 21 14 12 7 28 6 5 
29 11 26 15 16 
29 2 16 21 15 26 9 27 7 25 
20 16 3 23 7 
1 10 21 4 12 20 22 
26 24 16 10 6 15 8 12 3 
27 10 22 3 7 6 23 2 16 9 10 27 23 28 30 6 3 30 23 24 14 16 12 23 27 7 29 
27 2 14 
6 29 8 23 4 23 1 11 21 30 27 19 20 
8 6 5 4 24 26 9 27 20 18 18 12 26 8 5 21 9 
8 29 10 4 8 
28 16 3 12 18 22 16 16 24 12 11 3 
1 18 1 9 4 24 4 30 17 19 11 14 25 14 27 5 21 23 6 4 15 19 18 10 26 12 16 3 5 
15 7 10 2 26 23 10 1 12 10 30 19 28 29 22 18 7 20 6 20 10 4 
20 26 1 27 27 22 9 3 26 28 
16 4 16 14 2 29 23 21 21 2 7 8 26 28 3 2 4 6 3 20 21 20 23 20 12 26 22 25 8 
2 10 11 10 22 26 17 1 27 19 21 27 24 7 23 2 3 15 19 2 23 3 20 
7 6 


7 13 8 24 11 10 4 29 20 15 21 19 19 4 7 11 24 3 22 23 24 20 28 27 28 5 21 2 6 20 
3 9 8 9 11 25 30 9 27 
18 30 14 
1 18 23 25 12 19 14 29 3 11 16 20 24 25 10 28 27 24 3 22 3 23 10 8 29 13 
18 8 22 26 11 25 
13 2 6 22 7 6 14 13 18 29 6 11 5 29 
9 25 22 14 21 21 17 14 24 
4 20 25 18 10 
3 7 16 3 11 1 8 28 28 10 23 15 18 16 12 7 21 28 17 29 14 12 
8 23 17 9 28 30 16 24 15 18 23 27 28 7 5 14 10 22 23 29 14 19 19 8 24 14 8 
26 29 10 2 28 3 21 1 5 30 2 4 6 22 28 19 8 9 6 29 21 26 8 24 11 21 29 27 
19 26 18 6 10 7 8 23 18 24 23 21 16 10 19 
5 2 15 10 27 12 5 26 10 10 13 2 10 15 
11 27 2 16 22 2 25 24 
28 8 15 8 12 24 7 9 2 23 21 9 12 21 25 14 12 24 23 10 
30 17 26 11 28 23 6 4 5 6 7 27 29 30 17 9 22 9 18 28 28 
25 25 21 5 11 4 4 
6 6 25 23 10 30 25 17 13 29 7 5 30 4 12 3 8 12 1 12 1 19 23 27 2 8 27 3 
22 3 16 19 28 30 23 6 19 28 20 25 20 28 3 8 30 22 9 23 29 8 
27 
26 27 21 2 26 8 7 14 18 22 1 10 30 27 15 12 1 29 20 2 
25 14 20 22 2 12 29 22 5 25 
13 2 18 22 18 12 15 21 13 20 27 8 24 20 19 15 15 2 14 8 10 
11 28 25 22 12 20 16 22 25 26 
7 29 15 
3 22 6 2 26 13 6 19 16 23 30 6 26 6 17 22 28 25 16 
7 8 
28 9 20 24 15 19 10 4 7 27 12 14 4 
11 22 20 17 24 2 7 28 5 13 18 11 24 25 18 1 30 6 29 10 11 30 21 28 
9 6 12 8 14 23 3 25 12 17 17 21 4 22 25 25 2 23 18 17 21 11 21 9 5 7 1 24 
20 10 18 4 30 13 22 5 19 21 1 13 20 14 21 6 23 
10 30 30 17 21 5 
21 14 27 9 23 22 
5 29 14 11 6 2 6 3 16 15 23 12 20 26 4 4 5 24 23 28 9 14 2 15 21 20 7 20 
22 9 13 28 26 3 5 14 20 5 1 12 11 22 28 19 6 
26 17 2 6 29 8 21 20 17 23 6 7 30 27 30 28 6 24 12 12 26 16 30 5 30 28 19 18 
22 12 7 27 23 16 10 3 20 17 27 14 16 7 3 25 22 6 
27 18 20 15 21 6 14 14 22 7 28 18 11 19 9 
5 11 20 25 29 13 21 13 24 17 7 12 15 15 5 7 24 16 1 20 23 1 
28 5 18 5 16 19 16 27 10 7 
23 8 29 29 6 16 13 17 9 16 27 8 4 19 22 10 2 30 
25 11 29 17 3 28 25 6 12 22 8 13 4 29 1 7 7 
24 3 2 15 25 29 12 16 8 2 13 23 15 1 22 6 4 11 23 10 21 21 14 3 25 16 19 
16 7 13 8 
21 
5 21 9 18 13 17 7 2 7 1 29 24 29 17 27 
27 24 24 10 20 3 17 3 16 15 
2 8 2 18 12 9 12 18 12 30 9 20 28 30 23 3 28 20 1 30 10 24 11 28 28 10 
13 5 25 24 2 26 24 20 25 6 11 24 20 18 3 8 21 6 4 14 29 28 3 18 1 7 5 21 9 3 
11 27 
28 12 29 26 10 14 29 17 24 15 8 23 5 
2 15 28 23 15 14 18 8 
20 14 12 18 2 15 6 23 4 27 20 23 23 
14 5 26 22 21 29 
23 23 16 22 13 5 21 5 2 16 23 15 19 9 1 30 6 19 16 
21 11 25 19 
19 6 26 21 24 10 4 26 8 18 26 25 2 12 8 12 8 10 8 29 25 
14 14 3 28 17 2 19 25 18 1 15 12 20 4 5 2 18 20 11 8 14 
30 16 11 27 15 21 19 21 4 17 1 17 9 23 19 27 23 11 11 21 21 11 
16 25 8 
28 14 3 17 8 18 4 16 18 21 29 20 28 13 
25 27 21 26 25 10 29 7 2 25 4 20 24 
13 23 13 22 12 19 9 1 9 12 9 18 7 17 5 5 25 21 13 19 4 7 24 
20 20 17 5 28 5 17 23 30 14 19 30 23 30 20 13 21 
9 16 16 18 14 4 3 9 18 1 20 29 25 18 4 13 15 22 14 28 23 23 2 21 23 7 
16 22 25 24 21 27 
13 5 21 17 25 6 15 20 27 17 19 12 10 18 12 24 22 17 13 3 3 18 6 6 26 16 14 12 
25 16 14 13 20 15 3 6 9 13 13 14 28 22 19 19 

22 3 24 2 28 18 5 
20 19 11 27 17 11 19 10 23 
10 23 
21 14 
22 26 2 21 30 23 14 9 

28 12 30 28 24 18 18 18 14 16 17 5 8 27 4 29 27 11 30 7 14 28 2 3 
11 27 20 17 13 18 24 25 1 10 23 17 4 19 14 4 22 3 20 15 7 23 20 26 10 14 12 
15 12 30 5 
1 13 12 21 20 18 9 
18 2 11 17 10 
7 26 12 2 11 18 28 4 9 17 
2 27 29 2 28 22 9 8 15 14 12 15 20 3 30 25 23 26 24 29 20 15 19 10 23 
14 6 12 17 28 9 
19 1 13 23 28 13 5 24 15 23 12 5 11 29 1 11 4 7 14 12 20 8 18 7 8 3 
8 6 17 8 12 30 20 23 22 16 1 7 6 20 14 3 14 3 
27 29 16 28 9 15 9 2 1 24 4 15 2 23 7 25 19 19 30 1 27 15 29 23 9 16 27 
25 17 21 29 4 22 28 19 23 19 29 25 6 3 18 21 5 21 18 4 11 1 17 19 11 21 1 
14 18 14 6 28 10 29 5 27 13 5 26 1 28 1 14 1 2 29 12 23 16 18 9 
26 21 1 11 9 18 1 26 2 21 25 22 23 4 30 29 25 28 6 21 11 22 
15 21 8 15 15 27 9 27 27 19 24 27 5 13 27 30 
29 11 27 9 5 20 11 22 17 15 6 27 14 6 1 21 
4 3 6 22 14 29 27 19 1 27 14 5 18 1 3 
26 21 11 19 3 23 1 6 13 16 11 11 24 18 16 20 13 16 7 7 
25 25 18 8 11 11 27 29 9 17 6 24 2 27 4 30 8 7 
29 16 9 10 23 12 1 30 2 4 6 1 19 16 5 30 16 10 8 3 25 
16 25 22 8 28 17 26 25 22 2 4 25 19 11 18 17 
25 14 27 19 1 19 25 12 3 13 12 20 30 15 10 29 13 18 11 24 29 19 27 27 6 
30 24 28 27 22 29 24 27 4 26 25 29 10 5 17 20 21 29 29 19 28 19 1 6 25 20 19 22 
25 9 5 21 29 26 22 23 14 29 11 26 23 10 29 21 4 22 28 15 2 22 
5 21 30 9 1 26 14 
22 24 
9 7 24 11 13 5 2 6 3 19 16 13 21 6 13 1 26 11 6 26 29 22 25 5 26 4 15 
6 25 19 5 22 8 10 29 28 15 8 
29 6 15 28 23 11 18 25 4 14 25 12 4 27 22 25 12 27 24 23 21 19 25 5 28 26 
12 22 24 14 2 6 6 4 21 25 1 
1 21 11 20 6 9 15 14 29 30 20 8 5 2 30 22 20 
9 20 7 13 13 26 26 23 3 25 5 9 25 23 14 27 5 
8 28 4 20 30 
3 8 11 1 11 5 6 6 4 1 4 19 15 2 21 4 20 6 25 12 13 9 28 3 
26 30 29 19 10 13 26 10 13 9 
24 11 26 22 8 7 7 5 3 14 14 17 26 15 15 1 25 10 29 14 22 19 30 28 
13 22 
26 21 22 30 3 20 
4 12 23 14 27 17 8 1 21 28 12 13 29 27 

1 24 9 4 3 
5 24 18 13 20 28 10 7 28 10 5 4 21 11 20 27 1 
21 24 30 26 10 10 26 26 24 1 29 27 24 19 7 11 1 4 

15 9 23 
9 17 17 7 29 18 8 18 9 20 6 30 8 21 20 27 16 14 6 21 18 11 23 23 28 21 
1 4 8 10 11 16 12 22 18 5 29 6 18 3 19 20 8 14 10 25 20 29 28 2 9 21 16 
24 5 
13 4 
11 4 6 27 3 4 26 
20 23 3 29 29 19 25 9 8 3 23 16 30 
29 19 22 12 4 25 4 1 4 3 14 4 21 12 11 4 4 21 19 4 1 
12 30 29 15 10 28 16 15 20 21 27 21 22 18 3 6 22 4 24 29 13 28 8 20 19 29 
22 8 3 
19 3 8 19 20 3 
5 7 10 17 27 
24 19 30 8 30 26 8 11 7 3 
29 18 8 17 27 
30 18 10 5 12 16 18 11 25 30 27 21 6 14 17 5 23 23 18 
30 6 18 13 23 7 28 17 26 30 17 3 24 22 4 1 3 
20 2 
8 12 20 28 11 5 4 6 28 20 22 5 28 5 2 13 25 13 4 1 24 2 10 27 11 11 22 17 3 16 
11 10 25 1 25 22 6 29 5 12 18 3 18 3 25 3 29 20 30 17 19 
29 14 2 19 12 28 5 22 22 2 16 18 19 19 28 2 16 19 24 30 14 29 
21 25 2 20 6 2 27 7 2 29 9 22 13 9 14 15 21 19 19 10 10 9 27 24 5 22 10 25 5 
28 6 10 11 
11 24 20 7 2 16 23 16 28 4 25 20 5 27 2 15 5 26 29 2 2 19 11 3 7 
3 16 2 12 6 13 10 22 1 21 22 28 13 26 29 9 13 16 
22 7 22 22 10 6 12 13 15 7 27 6 10 22 5 26 22 
6 29 20 15 15 26 7 2 8 25 4 23 26 24 22 30 
29 25 9 15 10 20 27 
18 24 24 10 20 28 21 22 6 
26 16 8 22 22 14 5 20 15 1 27 13 21 18 18 30 16 25 30 
25 18 21 24 28 6 18 11 23 18 15 29 10 8 22 25 24 8 
8 16 18 25 25 16 25 16 4 13 24 11 4 27 28 25 10 30 16 
29 26 5 23 12 7 
13 1 15 21 9 22 7 30 17 14 
4 4 5 8 27 22 1 1 24 12 9 6 1 30 17 1 21 21 7 26 
15 29 20 16 23 29 30 9 23 4 17 23 
9 23 13 8 8 22 18 6 15 26 17 16 20 9 24 19 27 13 11 
5 5 23 29 7 11 3 20 27 7 
12 28 16 26 4 10 8 8 13 26 17 19 28 6 30 15 3 4 18 22 29 6 27 19 19 2 
11 12 15 4 24 26 12 22 1 1 2 7 4 21 5 13 17 3 10 2 19 27 16 11 2 13 30 
15 22 22 27 13 4 29 1 1 23 8 3 15 24 27 3 
21 23 19 17 26 15 15 16 8 18 18 16 27 5 
6 11 11 25 2 25 13 19 2 8 21 5 29 17 22 30 1 4 19 23 8 13 5 26 10 21 9 30 15 28 
17 4 12 4 10 16 23 3 25 19 20 11 21 16 23 18 2 29 
27 23 6 19 15 22 3 2 30 27 11 11 1 27 22 28 26 10 9 28 21 13 
8 7 3 6 2 12 30 3 29 2 6 23 21 20 14 
23 1 24 2 12 20 16 23 7 16 18 10 15 23 29 9 26 27 16 
3 4 3 10 7 22 2 21 30 23 29 16 

7 

16 24 14 28 19 
24 28 14 27 17 14 24 5 
1 11 3 5 18 30 10 16 19 7 26 19 15 7 19 20 17 26 
8 5 16 28 18 12 15 28 11 30 15 28 2 30 19 29 24 23 6 9 
15 29 2 27 26 23 13 9 24 30 9 10 2 22 8 23 20 5 2 15 22 17 13 26 14 18 1 25 15 
9 29 23 11 9 12 21 7 12 23 13 10 18 25 
15 19 2 11 21 1 10 16 12 
16 29 19 24 23 23 18 25 19 15 9 16 19 21 
19 8 
23 27 8 3 29 24 29 13 30 1 17 30 3 6 3 29 24 19 30 20 28 5 25 
19 29 15 13 19 12 
26 27 14 14 18 10 23 15 29 27 17 24 24 19 14 
19 2 12 19 24 4 3 18 8 23 13 27 28 14 1 7 10 28 
7 9 3 9 20 21 4 19 28 14 29 2 18 12 12 
10 3 9 6 20 17 23 2 30 30 29 19 21 21 
4 6 18 10 17 26 26 27 23 2 2 18 27 10 2 13 10 27 13 6 29 16 8 25 11 5 16 14 23 
10 6 5 11 10 2 24 5 18 28 7 30 
28 21 17 5 11 9 22 12 19 14 16 29 19 9 27 
8 23 3 25 6 9 7 16 5 3 7 
2 22 14 12 28 2 4 27 
23 23 14 
16 19 
26 8 26 30 8 11 4 30 30 30 27 26 29 22 
11 27 23 5 27 28 1 10 28 30 15 17 8 30 3 13 1 5 2 22 7 3 13 21 9 7 
15 10 30 30 13 12 30 7 19 9 2 5 7 15 11 9 18 27 3 7 28 
3 19 22 19 13 9 21 17 17 11 22 28 16 18 1 23 24 16 23 10 7 23 21 21 1 
17 6 10 17 19 29 25 10 12 20 28 20 18 28 25 30 9 4 14 
10 10 20 26 20 14 8 22 23 9 19 17 4 2 19 9 23 14 1 
21 2 15 20 8 22 15 
4 20 30 8 5 25 20 6 4 8 4 4 13 
24 29 3 15 15 7 30 16 5 3 2 16 4 26 3 11 1 20 3 10 8 24 19 19 9 24 23 2 11 
19 4 6 12 14 19 13 4 21 30 24 9 20 22 8 2 12 6 2 23 28 3 21 16 20 28 28 18 
22 20 25 21 28 11 26 29 27 5 17 17 28 11 22 29 5 16 10 24 15 
22 
14 7 7 4 20 30 18 12 14 22 
10 10 26 16 6 4 10 8 26 2 13 28 25 22 8 20 6 25 23 
23 22 17 25 15 21 
6 6 28 15 10 19 12 10 22 30 26 7 9 24 29 28 20 12 5 29 4 
2 27 10 21 13 26 8 7 9 16 28 20 30 26 27 6 21 14 19 30 15 8 13 13 7 
9 25 16 21 25 15 23 20 1 27 15 6 18 2 14 3 1 2 
28 23 2 19 27 2 15 5 4 11 
5 11 18 26 9 14 9 24 17 19 16 17 11 10 15 30 11 25 10 1 14 9 1 3 28 21 28 16 11 
2 29 8 27 28 8 21 16 27 18 17 22 13 5 15 14 17 15 24 15 2 21 22 
4 16 18 11 1 24 20 23 3 1 27 19 1 25 3 10 24 19 1 21 3 24 15 18 18 
12 15 17 14 26 17 3 1 2 4 8 18 12 12 8 
5 19 29 12 24 17 27 6 1 24 22 19 26 3 22 6 13 
10 5 26 2 10 12 27 28 6 4 26 1 30 11 5 11 
18 28 13 12 13 14 8 21 21 5 7 20 18 11 6 21 1 14 2 7 29 9 10 30 
19 
6 9 12 11 28 16 25 26 21 2 30 
12 18 27 7 3 25 6 30 6 19 10 5 16 28 29 10 24 
21 16 24 23 17 20 27 26 28 18 9 13 30 7 10 3 24 11 14 9 13 
11 7 22 3 27 7 12 19 13 19 15 18 23 27 17 
16 21 23 11 11 23 27 28 9 29 29 13 4 12 18 20 9 14 14 29 6 
20 24 14 6 28 5 3 9 11 21 19 15 16 28 
9 23 28 30 16 30 5 
2 26 28 28 16 7 11 18 15 30 25 11 7 
15 26 26 3 18 28 18 29 24 7 19 30 20 6 3 7 16 2 18 17 25 10 25 20 11 15 12 15 
11 22 13 22 29 7 3 19 5 25 27 5 22 3 29 1 7 1 7 14 18 12 
30 29 22 24 5 27 5 
20 20 25 21 28 5 16 4 4 
28 18 29 9 29 30 2 2 28 24 6 13 
24 8 2 26 15 18 13 13 25 22 28 2 15 8 16 6 11 28 22 20 17 26 21 20 13 15 24 23 23 25 
4 2 14 29 29 6 2 7 13 22 6 24 27 19 10 26 12 2 
4 26 11 19 10 14 23 5 28 9 
1 29 25 22 28 11 17 24 12 24 2 21 4 3 26 1 1 16 15 10 7 22 1 25 27 23 25 7 
20 19 10 1 20 1 8 
20 14 28 7 4 27 16 13 18 25 25 7 2 2 20 12 6 12 10 12 26 9 8 16 2 26 
25 1 12 30 20 23 18 30 1 
28 14 8 1 9 27 13 4 20 23 22 4 14 2 26 4 6 10 24 11 
22 
10 17 17 7 26 26 29 17 27 26 24 22 
2 30 11 17 9 18 13 7 11 19 6 
6 3 6 4 18 5 18 19 20 4 8 15 30 22 21 9 21 17 30 13 
8 28 9 14 23 12 24 5 29 4 
24 1 23 25 23 2 2 22 19 26 29 17 13 30 4 4 30 20 22 3 
20 1 16 21 23 18 3 14 28 19 3 24 4 11 28 30 19 23 7 12 1 
10 24 23 3 10 27 9 20 10 28 7 20 9 7 6 30 3 6 26 22 14 21 14 4 11 7 
7 8 25 1 3 13 17 14 
30 1 
20 5 26 22 1 5 
30 10 18 26 19 
17 9 8 6 14 22 17 23 12 19 
1 11 4 30 29 20 13 29 13 13 30 2 3 15 26 30 17 22 16 13 
29 13 24 23 
15 9 2 7 14 19 16 5 3 29 12 3 20 18 24 3 8 18 26 11 28 25 
27 23 21 22 17 14 2 29 12 11 24 18 28 4 23 9 24 7 18 23 30 14 17 5 26 
6 29 19 11 13 24 6 
2 12 12 27 30 24 11 22 2 28 7 24 10 23 2 7 26 
14 15 21 2 18 28 

15 29 16 30 26 28 6 
13 24 28 3 13 2 23 1 24 20 28 5 28 18 
3 14 4 2 25 14 20 1 5 22 13 6 9 16 16 
29 8 24 18 8 23 8 30 22 7 22 25 7 29 6 23 23 11 18 12 
4 29 18 30 19 25 12 18 1 6 30 1 28 24 14 5 17 17 14 4 25 14 20 9 9 25 30 2 
17 27 6 6 9 21 26 15 29 3 11 22 
16 21 1 17 7 6 8 2 3 15 26 14 3 19 21 14 19 1 14 30 9 3 
24 4 14 15 19 3 29 30 21 7 14 6 13 6 5 5 12 27 11 21 22 29 22 18 4 25 
21 29 19 25 5 25 6 12 29 9 20 9 3 6 12 8 5 2 15 
2 20 2 12 19 13 1 15 25 20 21 3 
5 1 12 21 26 15 7 2 15 27 21 29 6 12 26 24 21 1 27 4 8 5 26 23 19 20 
27 29 15 6 

3 22 23 18 5 22 24 14 20 14 19 14 7 13 
25 8 14 3 22 5 14 24 5 26 7 8 6 25 25 8 19 16 12 21 6 18 30 16 6 
4 25 10 30 
12 12 
27 12 3 20 6 13 27 23 14 7 25 7 23 9 15 9 3 9 20 26 18 21 26 19 12 17 8 16 16 
19 26 11 20 21 3 4 27 16 26 1 2 30 27 20 7 25 24 24 25 19 3 24 21 7 18 
4 14 16 11 26 1 8 18 25 1 1 
9 12 3 17 11 16 29 8 2 9 24 
26 22 14 2 16 30 19 28 2 30 8 30 11 21 21 13 17 
17 14 29 1 8 19 2 8 11 3 22 18 21 16 5 28 24 10 30 1 22 
21 12 2 30 27 27 
16 21 30 24 29 8 12 20 11 19 25 16 
30 10 26 27 6 24 28 12 2 26 26 20 7 18 19 20 27 19 1 17 17 5 20 10 7 16 13 
23 10 8 13 24 3 25 19 
8 24 5 5 16 24 28 5 6 24 1 5 21 17 4 25 
10 9 18 24 20 9 29 11 15 16 10 22 17 8 27 26 19 22 21 20 18 24 22 28 
11 15 12 9 1 9 18 30 25 30 28 7 21 1 15 26 9 30 25 18 20 29 1 8 
6 12 6 5 21 7 9 30 4 28 26 22 
21 20 10 2 27 15 6 20 
1 1 14 21 10 5 15 4 19 30 28 3 30 
14 14 
9 28 26 5 20 15 30 29 6 30 
11 1 13 21 6 3 10 3 26 30 29 4 26 8 24 
21 14 3 3 6 2 25 19 9 24 11 13 11 4 8 19 16 18 26 11 15 16 4 
9 21 2 16 18 25 30 10 5 12 19 18 26 12 13 18 30 3 4 
21 17 1 11 2 17 15 28 27 9 2 8 12 11 25 24 5 1 24 
1 6 11 21 28 14 20 
13 20 14 28 27 26 23 11 6 
29 
30 15 30 16 14 29 26 25 13 2 15 18 14 28 14 11 23 

14 
14 7 12 21 18 17 25 27 13 21 27 15 28 5 11 9 24 22 10 29 25 10 1 8 29 2 17 23 11 20 
12 15 29 6 9 2 17 2 6 20 5 27 19 5 20 
26 2 8 10 10 3 6 11 7 5 4 4 23 28 15 19 28 19 13 24 12 5 23 
16 20 23 6 6 
29 10 
24 24 8 1 20 9 16 23 5 22 13 7 29 12 26 7 27 
5 5 29 18 2 1 2 2 17 21 22 30 22 30 12 23 23 15 26 19 4 28 6 9 24 
18 17 7 12 22 1 28 3 9 17 21 24 7 24 
2 17 23 7 25 29 12 6 29 27 29 24 8 30 1 26 21 4 17 19 9 7 7 
15 14 29 18 3 24 2 5 22 30 13 7 5 5 
8 20 13 
9 9 4 21 6 29 18 25 7 26 29 13 
22 19 4 27 24 3 21 8 21 29 21 30 3 14 5 27 20 14 21 15 13 27 30 3 9 
8 9 4 17 12 15 10 21 28 7 13 16 27 2 
18 7 14 
26 2 14 29 23 1 2 28 15 26 19 3 12 4 28 16 24 16 17 24 29 18 11 8 15 5 20 20 26 16 
17 29 
26 4 10 10 20 29 6 16 
1 27 8 29 6 23 10 26 1 13 15 
18 14 29 24 11 12 15 11 14 22 4 9 24 4 23 8 16 26 17 7 20 10 27 
16 27 29 8 6 10 6 27 14 4 9 21 25 2 17 13 16 18 10 28 3 1 8 30 6 19 7 30 25 30 
13 4 20 11 8 19 13 13 23 22 23 5 30 9 29 
12 10 
21 22 19 25 17 3 9 4 9 7 2 5 22 19 22 13 19 2 19 
21 22 12 1 22 1 17 14 20 11 15 4 4 3 21 24 30 22 4 28 30 5 18 6 11 8 
22 2 15 14 14 6 30 1 30 6 19 29 14 20 
16 7 24 26 20 7 5 16 7 18 23 27 27 21 8 29 29 
18 14 25 22 4 26 3 
12 6 3 28 12 16 1 5 27 22 
14 10 10 10 12 10 29 12 1 17 25 
16 5 27 20 24 16 20 12 19 10 13 17 3 26 21 17 20 19 2 13 13 12 24 1 

1 24 21 29 28 27 8 15 27 8 21 11 16 4 24 8 5 24 14 21 3 22 25 30 27 11 1 21 19 
28 14 4 11 16 15 9 7 7 1 26 2 26 23 11 19 10 30 
16 10 4 24 20 11 19 16 25 27 9 27 16 21 
7 19 
8 13 10 10 10 9 15 2 7 24 10 19 13 25 21 3 7 

30 9 26 17 8 18 10 4 5 22 15 21 25 6 26 26 15 22 5 4 4 30 19 23 23 25 20 25 
5 29 2 1 24 20 5 17 8 7 13 26 25 27 23 11 7 22 
12 20 30 9 9 29 
4 27 20 21 6 3 
19 2 8 15 9 8 12 17 1 12 8 28 27 14 11 13 18 6 6 25 11 5 21 30 2 3 15 11 14 

8 24 21 14 10 24 25 16 10 30 6 30 28 14 5 3 12 15 
7 3 15 4 28 22 23 25 17 
1 8 
10 22 11 23 16 10 27 30 13 19 18 9 30 22 21 25 8 2 27 15 4 29 13 15 
1 19 20 4 25 16 19 9 22 14 11 
10 13 10 11 1 20 23 11 27 23 22 9 19 8 11 22 22 13 17 5 29 27 22 
10 23 23 20 24 19 3 4 17 20 
15 6 9 17 14 18 7 26 5 15 11 19 20 5 21 10 
5 13 30 25 19 2 2 16 30 1 30 24 20 6 28 
12 9 15 21 27 20 5 11 21 20 6 27 10 22 1 1 17 28 19 21 1 13 
11 13 14 18 12 9 8 23 22 29 27 8 30 
26 4 5 28 28 14 16 14 26 10 25 17 15 
17 5 7 21 30 19 29 4 9 30 10 12 13 20 26 23 
30 5 15 28 28 20 24 4 29 9 30 30 11 21 4 9 17 6 1 7 23 
17 10 11 11 17 24 3 17 25 12 2 28 23 24 10 1 2 16 24 27 6 29 19 
13 9 8 19 7 9 17 1 13 19 6 9 29 18 2 2 26 12 1 25 28 23 24 
13 22 9 9 26 19 1 21 24 19 6 12 4 1 1 18 17 29 6 
1 17 18 
1 5 8 9 2 4 14 10 12 7 15 7 2 9 4 20 26 3 4 
2 16 1 23 20 
13 16 13 5 11 
30 16 29 29 8 19 27 26 15 15 
23 30 21 8 1 12 
8 18 30 27 18 16 29 12 30 30 
23 28 13 24 5 23 21 26 9 7 30 24 4 18 15 5 16 
11 
27 12 18 8 21 24 22 7 25 12 20 22 15 9 21 3 13 30 6 16 3 14 24 8 18 
1 20 8 10 22 19 26 18 18 9 1 28 8 8 16 13 30 14 12 
6 4 28 18 23 10 24 17 8 25 19 23 11 12 1 4 6 
19 24 20 22 17 10 
23 26 26 11 10 20 13 2 3 23 9 27 16 23 29 3 26 24 28 3 23 27 15 21 
26 27 24 14 9 27 20 13 16 27 9 22 
3 9 1 27 5 15 17 
14 24 19 19 9 1 23 24 2 11 30 30 
14 11 28 6 7 24 15 13 28 9 5 28 21 8 22 17 1 5 27 7 
2 13 9 19 22 17 14 11 26 19 14 11 21 29 
7 
2 27 15 8 
23 15 4 
10 10 25 
27 6 7 13 23 30 16 1 14 30 6 6 26 5 11 16 12 13 6 
10 13 27 12 12 19 22 7 12 16 25 18 24 20 28 12 28 11 15 7 4 13 5 1 1 27 26 7 10 10 
23 14 3 30 15 20 1 8 19 5 28 12 25 5 30 9 27 30 10 8 9 11 5 12 23 18 26 2 
7 19 12 
26 5 2 12 2 30 11 4 25 30 29 19 1 23 11 23 3 18 19 4 7 22 12 22 19 5 19 2 23 

2 15 27 4 19 20 
29 3 7 28 3 14 4 28 6 2 15 17 12 26 11 19 3 10 25 14 2 24 17 12 1 21 27 
11 11 10 9 12 30 18 13 26 9 
25 18 13 11 19 3 3 16 20 7 11 14 17 16 28 11 16 25 12 22 1 25 9 7 15 3 11 25 19 
12 6 25 2 11 8 28 25 30 1 12 28 2 26 4 18 23 6 15 12 5 3 6 30 13 6 20 4 9 
29 14 16 16 19 17 
1 13 5 1 28 3 14 17 25 11 30 3 
9 4 1 15 5 20 14 3 1 19 5 11 1 26 24 27 6 18 1 6 16 5 23 14 
9 1 12 19 17 26 25 21 22 21 20 20 
28 28 24 14 1 11 4 6 8 19 20 28 7 9 20 5 30 29 14 
3 16 3 23 15 17 4 18 16 12 6 28 11 22 
18 18 15 7 24 4 8 17 22 9 10 3 
2 25 2 5 24 2 26 6 
16 14 26 24 28 15 6 18 17 13 13 7 24 20 21 14 29 19 3 23 17 6 15 20 
19 14 19 15 19 4 18 4 6 14 24 19 14 26 19 8 14 11 13 23 6 22 7 6 
13 5 
11 
18 21 
22 22 3 30 21 14 23 26 18 12 26 29 14 24 14 26 22 26 30 26 15 28 1 
21 4 19 20 19 16 
27 18 9 19 9 16 
14 5 13 10 1 30 25 10 14 29 15 23 30 4 5 20 7 1 1 2 14 12 18 2 5 22 20 22 
23 21 15 9 4 20 23 3 
3 20 10 21 26 3 23 28 2 15 22 12 23 9 11 30 
20 9 4 17 8 17 15 19 29 8 
7 19 18 3 10 27 1 29 28 27 30 26 12 18 18 5 20 17 15 
24 23 23 24 8 6 15 10 24 5 18 9 29 22 21 27 7 27 30 3 18 
25 8 18 7 2 22 1 14 5 21 4 8 17 28 14 19 9 24 1 18 18 3 
1 9 12 10 2 21 22 21 23 4 19 19 27 27 22 22 3 18 13 28 9 2 26 24 13 17 2 
29 7 11 3 15 30 24 18 28 10 6 20 
29 5 15 15 11 14 21 19 4 4 7 23 30 6 16 23 21 15 12 5 17 18 12 8 24 26 17 
7 21 26 17 29 22 14 9 4 8 6 18 28 14 26 3 16 12 3 19 26 11 
24 24 5 30 8 25 19 30 3 26 2 23 20 1 9 19 22 1 28 30 21 12 17 9 30 
7 6 7 19 10 27 15 15 14 20 15 24 22 
11 4 8 19 6 27 15 26 2 11 30 15 28 29 1 30 11 4 9 5 27 22 3 27 21 16 
22 1 21 6 13 3 13 7 20 10 6 24 14 
27 13 28 18 2 8 23 14 
19 7 19 25 27 28 26 1 19 22 11 25 21 25 8 1 14 8 4 10 19 3 17 17 21 12 16 

4 3 20 30 28 15 27 21 7 20 10 12 25 12 9 4 13 10 12 
7 28 7 17 14 25 11 
7 25 13 1 18 9 7 15 
7 15 5 5 17 30 10 21 8 17 1 20 15 19 8 3 23 23 18 2 20 15 9 16 20 27 
19 11 10 27 30 3 14 11 8 16 25 24 18 6 29 4 18 
24 17 12 27 21 23 
7 21 22 5 23 18 12 1 8 8 20 3 10 30 14 
29 13 9 19 6 6 11 1 2 20 13 28 8 5 30 13 28 27 7 14 8 13 11 20 22 13 4 4 17 7 
5 19 11 13 23 6 25 25 16 25 9 29 17 26 12 
9 20 14 26 
1 23 11 3 21 27 6 8 27 4 22 10 1 
6 11 27 3 25 30 16 30 5 
19 15 
1 6 26 28 15 17 2 27 9 19 20 19 21 22 17 24 13 7 
12 8 17 10 14 27 16 3 17 15 8 18 30 8 30 29 8 14 2 15 30 1 3 18 10 28 6 
12 16 5 26 11 25 29 
15 24 28 17 12 3 5 4 10 20 10 20 5 2 
10 6 6 25 8 3 15 12 
9 25 7 10 18 8 25 16 10 25 20 6 1 28 6 9 25 25 6 30 23 8 10 2 12 20 
24 1 22 22 12 26 17 23 27 4 22 16 30 4 14 3 25 17 30 14 17 21 15 29 
27 2 24 27 16 3 26 5 13 26 25 24 16 14 

27 26 8 2 27 6 22 23 15 17 16 10 10 11 25 9 20 13 19 6 6 17 29 16 13 1 
8 7 24 26 10 15 17 20 8 30 6 19 29 
11 11 12 13 30 29 18 14 13 20 30 8 7 10 9 23 8 
1 12 9 4 18 28 12 15 29 25 6 19 12 9 7 20 12 29 26 
20 7 27 10 3 5 6 19 24 29 13 28 15 4 23 6 30 2 3 3 13 
26 13 2 29 8 9 21 7 10 15 
12 12 10 25 28 10 8 27 16 3 30 29 10 2 30 10 30 7 11 3 26 27 30 3 
29 23 20 11 3 19 16 23 3 12 1 4 30 28 29 5 8 16 30 7 7 22 26 22 2 8 15 7 15 15 
21 19 17 5 
8 23 5 23 19 11 8 30 18 9 1 15 12 4 17 14 27 2 15 12 11 25 11 16 12 27 19 26 2 
5 20 18 11 5 20 11 10 17 11 9 24 6 4 
20 4 29 26 9 23 7 1 19 20 
5 5 20 12 23 9 7 4 13 22 28 25 26 29 29 28 14 13 13 14 
17 
16 25 29 18 25 7 4 12 11 28 12 8 1 5 17 15 24 18 16 11 19 26 27 
11 10 7 25 1 7 6 17 4 24 11 3 4 10 21 
3 15 29 16 7 13 28 10 4 21 12 25 13 28 8 26 10 
11 25 20 2 8 11 10 
20 10 3 28 24 17 15 7 17 24 8 28 29 3 24 8 20 7 7 17 23 22 2 1 18 5 15 21 29 23 
11 14 14 9 25 20 10 1 7 6 3 5 17 13 
9 
16 17 21 29 17 13 24 9 22 4 4 
7 1 3 21 19 
13 16 15 22 30 7 16 10 28 15 5 
29 8 3 7 5 
25 26 13 18 17 29 5 10 22 17 25 23 14 20 17 29 22 28 17 22 30 8 18 13 28 12 22 23 
18 13 19 8 26 28 13 26 27 8 3 14 6 18 29 13 3 14 6 
21 20 26 5 13 2 8 30 15 
19 11 20 30 30 17 13 21 18 16 28 26 20 28 6 8 13 
30 16 24 8 21 19 25 17 21 24 2 15 1 17 21 
16 24 25 25 23 8 2 17 19 28 2 11 24 15 5 12 14 1 4 17 
11 23 
2 12 17 30 12 17 11 5 15 15 24 3 28 3 24 25 23 1 5 1 30 22 11 3 18 24 20 20 
22 15 2 20 14 
21 22 28 25 9 24 23 6 2 4 27 25 20 9 4 10 6 15 11 
3 14 18 4 21 4 2 14 12 2 
14 6 29 16 9 28 
4 14 1 20 26 1 20 1 19 2 19 12 28 12 24 20 24 22 28 20 24 
3 
1 9 28 3 8 8 10 20 22 
14 5 3 23 1 15 19 27 21 23 15 6 
27 23 18 
18 26 30 29 4 10 24 30 13 30 28 13 2 13 5 16 10 14 
28 14 14 14 24 8 15 2 
15 6 3 19 26 
19 12 9 29 28 27 26 25 19 4 13 25 21 10 30 23 13 
26 25 29 13 17 7 13 17 21 28 7 6 4 21 28 23 
30 20 27 
12 3 17 3 7 28 20 9 20 
7 11 25 2 10 11 21 
24 16 11 9 
10 28 20 26 5 2 5 8 27 24 8 13 8 27 8 25 11 2 24 16 12 
5 21 6 10 19 19 17 15 

11 10 22 7 12 15 8 11 26 12 17 23 27 22 24 7 19 21 2 
24 30 19 25 19 18 28 23 26 8 6 15 20 29 10 11 13 29 
15 
9 24 25 27 2 12 29 19 23 23 2 18 29 23 30 27 19 27 23 
16 25 16 9 17 16 16 20 13 20 8 11 15 15 17 22 26 18 14 2 19 28 11 6 1 12 13 21 18 
29 17 28 5 6 30 22 
24 6 3 22 22 15 3 13 27 2 17 22 18 19 19 21 14 28 24 10 11 15 6 8 13 
28 11 19 21 12 8 9 9 21 20 25 12 9 18 20 17 5 1 21 16 16 12 15 
8 20 16 
8 8 21 14 3 3 11 29 2 22 4 5 5 9 5 1 8 14 20 
13 13 9 27 28 25 15 26 30 
22 11 6 3 7 25 28 24 6 21 26 27 12 10 29 21 6 
9 11 16 17 16 14 1 5 1 22 20 19 14 9 30 10 29 15 19 19 4 27 9 30 16 22 10 20 
13 10 5 6 3 9 21 4 29 14 23 6 4 2 30 6 9 19 13 3 17 19 8 15 27 18 16 2 6 1 
12 23 25 18 23 3 26 10 12 12 21 1 8 
15 23 15 
19 27 10 16 24 26 14 6 12 29 26 3 28 4 
15 20 7 
26 26 17 8 7 1 27 23 28 23 23 23 6 21 11 14 18 13 30 25 25 5 5 9 12 9 26 
17 28 19 16 23 26 3 28 24 3 
9 11 3 10 7 6 25 14 28 30 7 3 7 4 9 30 24 
29 4 5 4 10 12 21 16 24 18 27 8 28 13 16 8 30 21 28 9 15 
9 2 29 2 20 21 19 26 15 18 14 28 2 1 6 9 21 
12 21 7 29 27 29 4 8 14 3 7 25 22 3 23 2 29 11 15 16 17 24 17 2 12 22 22 
15 27 19 30 28 3 14 16 25 19 3 12 30 15 
15 16 17 24 3 6 7 13 12 2 15 18 28 
18 20 24 16 19 2 8 26 
13 14 21 27 22 19 12 6 8 6 11 22 18 25 8 7 
3 25 29 10 5 30 10 5 27 3 14 17 
21 17 21 24 1 9 23 28 5 9 25 15 17 4 14 12 12 29 11 26 10 6 5 20 22 30 
18 8 20 1 5 29 9 26 8 23 25 15 5 11 22 4 1 18 8 9 19 4 2 2 1 22 9 4 1 13 
18 8 29 2 25 28 3 20 23 11 8 8 7 28 7 29 19 26 19 
1 9 22 2 26 21 13 17 28 30 5 21 30 5 24 5 22 16 17 29 5 17 26 
15 13 21 29 13 26 19 28 4 20 27 
13 14 6 29 9 
1 14 17 30 26 4 22 30 28 11 
19 4 20 9 29 3 7 25 1 7 20 22 4 26 22 17 18 8 19 25 21 20 13 11 
26 15 28 12 12 5 
17 22 21 2 12 
30 20 28 30 28 11 2 11 2 12 15 25 9 23 29 7 22 11 4 26 22 2 17 15 22 5 6 11 14 


10 7 
25 15 26 2 17 1 12 9 29 17 23 9 17 16 13 18 9 6 18 6 6 29 28 27 21 
26 7 15 28 14 30 7 28 8 6 26 17 27 1 9 6 30 7 20 15 6 14 27 
27 5 4 16 25 19 4 17 28 16 8 18 5 21 8 17 1 13 9 18 10 13 
9 26 
24 6 24 3 14 8 23 7 23 1 17 27 11 24 3 30 2 21 20 8 12 7 28 30 10 
11 7 18 19 24 12 5 6 20 22 17 20 24 24 26 2 4 12 8 27 14 10 15 25 13 17 15 4 
5 
24 18 30 11 4 12 22 4 25 9 5 18 19 29 29 22 2 18 4 29 17 11 8 28 22 29 15 24 
15 14 21 3 25 1 18 11 2 29 9 5 27 13 14 28 27 1 
24 14 25 18 17 11 21 28 26 25 23 24 14 30 28 1 6 16 28 7 3 15 9 5 16 7 11 23 26 
20 30 16 1 16 28 19 4 10 5 4 30 29 13 3 11 11 30 4 23 23 13 17 23 17 23 

5 29 22 11 20 9 21 9 
26 30 28 
27 9 21 21 2 5 7 28 24 24 30 17 16 23 21 19 
5 5 30 27 
11 1 28 26 1 1 14 10 9 19 20 7 26 25 17 20 30 18 10 28 11 2 24 2 10 
17 13 26 7 16 12 27 30 4 9 21 16 6 26 5 27 10 5 24 29 25 2 
4 30 29 27 18 14 
12 21 1 9 8 2 29 3 3 
14 23 20 24 4 23 20 2 29 25 20 10 12 23 3 21 2 24 5 3 29 17 14 9 19 5 14 12 
2 24 14 2 6 25 4 29 15 21 19 6 3 16 28 11 16 13 22 20 14 23 26 30 20 7 27 20 7 
20 22 13 11 26 26 9 13 29 10 28 
20 5 25 23 24 30 14 25 18 25 
22 3 19 4 15 26 5 19 27 24 5 2 7 16 24 14 25 19 
16 11 17 30 24 29 9 23 6 18 24 
14 17 23 24 9 2 10 24 19 19 15 5 12 9 24 12 14 21 17 3 28 8 6 9 24 20 
7 24 15 20 3 23 22 21 2 21 28 2 23 8 16 27 24 19 4 26 20 18 2 21 24 5 1 30 1 16 

28 23 30 10 8 9 16 20 22 30 8 6 14 7 
10 11 1 17 26 23 22 13 14 15 4 9 10 4 14 7 14 21 22 11 3 9 1 17 6 
1 17 8 9 23 23 17 
23 
24 22 14 
25 18 26 6 10 19 14 21 11 9 
23 14 3 4 29 23 24 5 12 16 16 8 8 28 20 18 24 19 29 20 12 7 15 2 29 15 1 4 3 13 
9 23 27 9 3 18 9 8 21 7 12 5 27 23 23 21 9 16 
1 28 8 6 19 3 19 21 12 1 8 5 19 24 19 7 5 15 29 15 9 

9 29 5 30 13 27 26 2 1 5 8 19 
24 23 24 20 9 4 23 4 24 18 

16 21 4 17 26 27 3 20 30 11 
30 22 6 8 17 11 7 2 
11 18 18 2 15 6 14 6 3 15 24 16 15 17 15 22 22 15 11 27 4 5 11 24 19 24 18 16 17 18 
16 18 22 11 9 21 17 23 9 30 27 9 28 25 13 1 16 
27 3 12 15 11 
10 7 1 15 16 25 2 18 26 2 14 6 4 
15 25 13 3 21 1 19 23 3 11 1 
1 26 19 9 29 2 10 24 5 25 25 17 18 5 22 6 8 15 2 10 25 8 
22 
3 16 20 13 21 11 21 
13 25 26 18 1 25 7 29 19 24 1 13 10 1 17 14 23 13 23 25 28 26 30 24 1 18 18 
14 1 19 11 24 28 13 17 29 16 23 23 18 
19 24 
16 18 30 19 5 16 6 8 22 26 26 9 11 18 15 6 1 9 11 2 29 8 17 11 23 19 26 
27 27 30 8 4 25 22 6 16 29 21 22 9 3 14 22 18 19 10 21 22 11 21 10 
23 18 3 22 28 12 26 4 25 13 3 14 2 19 30 9 18 29 12 23 10 28 3 10 24 7 
16 18 17 30 14 5 19 23 17 3 11 20 19 15 15 23 3 
28 13 12 4 29 13 30 25 15 9 21 14 15 24 13 6 18 13 8 18 18 20 
9 6 10 7 23 7 26 
28 26 28 3 4 4 10 3 2 3 16 6 5 8 28 4 24 23 13 20 27 1 
2 24 13 25 24 16 
20 5 8 7 6 19 18 1 27 5 24 14 23 28 13 25 14 4 26 
9 24 13 1 2 24 9 14 19 3 13 3 30 10 1 23 25 14 
4 4 14 30 23 11 3 24 20 26 16 23 21 26 
17 16 10 2 4 19 19 2 18 16 1 5 28 8 12 27 
15 23 24 29 11 26 29 18 30 16 19 3 
3 13 25 7 30 7 19 10 2 23 9 15 
6 
21 19 
24 
28 5 28 5 4 26 19 6 26 22 3 7 25 6 29 24 
2 16 22 18 4 16 24 5 10 18 9 14 
18 8 5 25 16 5 7 10 23 26 17 28 2 29 21 7 5 21 16 29 27 29 12 1 8 
14 
11 28 20 17 18 13 21 29 25 2 25 15 4 26 28 21 17 25 21 3 11 28 25 24 
29 4 22 3 27 14 10 19 2 29 20 27 6 2 3 26 14 29 23 11 6 7 12 30 16 13 6 10 26 3 
2 27 23 21 27 21 20 21 30 1 29 8 29 3 6 4 16 1 9 7 29 29 9 7 29 
21 22 15 28 18 19 29 27 12 2 4 8 9 23 20 28 10 9 20 11 12 12 25 6 15 
2 25 27 7 
28 10 25 25 21 
8 6 13 11 6 12 17 24 
10 28 28 5 
2 2 28 24 
10 13 24 12 12 15 20 7 13 23 17 19 9 17 11 18 6 5 10 12 1 19 29 10 13 23 27 7 18 
2 5 20 3 26 1 5 6 5 25 1 4 5 6 17 2 17 11 25 28 
4 2 14 19 9 4 17 7 5 24 4 20 13 18 25 7 18 4 19 15 11 25 15 7 12 
22 5 28 7 2 21 1 4 23 1 5 19 26 6 3 22 27 24 12 28 25 26 23 28 16 
16 12 17 14 4 5 5 19 26 25 16 13 27 7 21 12 21 7 27 8 7 25 11 28 29 25 23 3 
5 25 
19 7 15 2 23 24 29 18 17 5 19 29 17 23 27 16 5 16 9 12 10 
11 8 21 14 
4 29 8 6 25 18 
19 16 17 7 27 11 1 1 26 23 26 

1 
21 10 12 27 30 27 5 18 18 13 24 13 26 12 29 10 28 5 17 19 15 11 21 4 29 
14 6 29 8 12 18 11 4 21 1 13 1 10 18 25 8 24 4 16 15 2 1 2 11 
21 22 2 2 7 10 29 25 20 6 
7 11 14 13 22 17 8 3 21 26 
19 6 16 18 14 
13 3 30 10 19 1 24 26 9 9 18 26 25 29 27 19 28 10 8 29 9 9 11 30 21 3 11 22 
21 27 27 29 27 11 29 22 
29 
1 27 27 5 12 30 4 27 2 24 10 14 1 3 27 21 1 28 29 1 8 27 10 19 21 25 
29 10 27 8 20 11 9 9 5 21 22 23 20 11 16 2 6 26 19 27 6 23 22 1 17 
16 3 29 26 3 29 8 12 18 8 14 24 9 22 5 30 10 23 14 20 16 16 6 10 7 29 
27 9 10 13 18 29 
25 12 25 27 24 
24 
18 24 28 12 1 28 2 29 19 6 6 29 5 13 
10 13 25 24 13 19 12 6 27 4 29 20 29 14 26 24 22 18 12 12 13 9 17 19 18 
11 28 11 21 3 29 22 19 29 25 15 18 16 2 30 
19 17 8 22 22 19 5 15 7 19 30 23 28 14 21 29 1 12 4 20 13 27 17 
11 9 17 4 25 2 3 
13 15 11 20 12 19 3 11 13 16 12 15 15 19 3 13 19 
20 15 3 18 7 22 14 25 8 11 16 
14 4 11 9 8 7 28 28 14 11 3 16 8 30 20 23 
10 14 20 21 7 1 3 11 18 30 10 15 10 
8 20 26 3 5 20 26 16 7 20 9 23 7 3 26 10 10 23 25 10 11 26 20 3 24 26 15 12 12 28 
17 15 19 21 30 10 3 16 12 26 
2 23 18 17 10 6 29 16 8 25 4 14 27 19 20 
21 13 14 16 15 9 17 29 11 6 8 
12 8 10 14 24 14 27 15 25 19 
6 9 20 20 1 1 15 22 2 5 15 30 28 4 22 28 6 14 
9 9 16 14 10 9 11 3 23 24 11 9 16 20 22 9 24 10 
1 2 24 11 26 24 25 8 11 1 21 5 16 29 29 21 
12 26 15 17 20 1 25 8 20 3 13 27 27 25 18 17 27 13 26 27 
12 16 20 17 4 6 
15 30 
11 7 13 22 26 12 11 28 5 18 6 12 16 18 30 22 5 2 27 12 3 
13 19 21 28 20 6 4 
9 10 1 28 16 29 

27 13 8 16 10 
19 1 8 9 26 11 16 14 21 5 30 12 26 17 18 5 18 19 26 26 19 3 17 11 9 
7 20 9 1 8 29 29 25 26 17 3 19 8 8 
24 
14 8 13 12 26 21 7 10 23 2 14 1 29 
4 7 23 14 22 12 15 20 26 8 17 25 25 14 
18 4 18 18 9 8 22 19 1 10 20 14 29 23 30 27 4 8 1 4 17 17 12 6 29 14 18 
25 6 8 30 4 5 11 20 9 13 2 3 3 24 1 19 23 7 20 
8 18 26 27 7 2 21 29 22 24 
8 
19 
2 14 10 30 6 11 9 10 4 30 5 11 11 2 24 14 2 23 6 5 4 24 30 4 1 16 29 7 5 17 
28 28 28 3 22 28 27 26 20 11 2 1 4 7 27 5 15 23 21 26 16 3 3 7 20 13 8 4 7 
6 20 
4 15 14 19 16 18 21 12 22 13 6 2 12 10 14 28 3 8 26 19 24 
27 17 18 19 4 3 17 21 4 25 21 28 16 12 13 
16 14 25 23 8 3 8 8 23 6 24 15 25 3 29 8 11 24 12 14 28 2 11 12 
11 22 29 20 
1 21 15 22 2 3 26 11 6 
9 22 8 29 28 15 1 12 13 8 16 28 5 21 4 16 11 
21 7 29 16 15 
7 22 1 18 4 2 12 4 5 7 4 15 19 20 30 4 3 17 21 8 
22 1 9 27 6 9 26 20 22 11 4 26 22 11 14 1 18 19 15 4 27 25 4 12 19 1 23 13 16 14 

8 1 20 27 30 1 16 15 29 23 3 1 8 3 11 4 2 6 10 20 29 21 
30 
8 11 8 25 4 1 7 14 30 13 15 16 9 23 26 30 
11 7 16 28 18 29 6 19 23 29 7 2 11 14 17 2 28 23 
16 2 16 20 8 14 18 17 21 22 5 8 19 19 25 15 27 23 16 15 8 24 4 28 26 12 1 25 
14 28 4 28 10 24 14 4 21 
11 19 25 4 30 17 7 9 16 16 9 25 30 14 28 21 19 
17 19 27 17 14 14 15 2 28 9 4 24 24 7 17 26 30 10 21 7 
26 10 27 23 6 6 2 7 1 6 6 8 8 29 8 1 18 10 2 20 7 1 1 10 11 5 1 
22 11 
25 27 10 2 15 23 29 9 4 15 11 18 27 17 6 15 
15 15 
28 13 2 24 19 3 7 7 21 15 7 6 8 10 10 15 12 24 10 16 28 23 19 7 30 20 16 14 
16 8 14 8 26 29 17 6 21 22 
26 
9 15 9 16 26 17 14 23 25 28 15 16 20 4 16 30 13 15 5 22 5 18 9 8 24 4 
10 30 17 24 
18 11 26 10 20 26 7 13 24 12 25 9 18 20 25 14 13 27 8 
12 17 27 21 28 22 23 
28 30 30 19 
4 18 20 20 23 18 19 11 29 3 
3 11 1 11 28 8 20 20 26 21 16 18 18 1 22 18 25 23 21 21 9 4 20 

24 19 15 27 1 5 19 14 24 5 11 
3 30 5 4 1 3 19 30 9 2 8 27 10 17 20 25 17 21 5 13 18 4 27 17 18 15 13 8 7 
27 
23 8 3 24 
26 17 11 26 4 19 
21 30 2 14 26 8 8 4 27 14 10 22 30 3 6 25 
6 24 10 26 26 29 25 14 13 27 29 28 20 10 11 11 16 1 2 27 1 26 1 4 2 6 17 26 1 20 
9 20 30 29 4 14 13 9 30 8 30 30 14 25 11 
11 5 5 1 4 29 1 21 
3 26 15 23 10 18 15 16 9 19 14 21 1 9 30 30 16 6 6 7 10 24 30 11 17 25 
26 21 1 14 11 9 11 23 17 
3 19 17 11 14 29 12 4 4 
7 28 6 6 20 26 7 9 11 28 27 16 21 5 1 20 27 11 24 9 13 2 13 14 17 11 8 21 2 25 
26 5 27 20 5 19 26 11 21 8 19 23 25 16 28 21 18 11 28 2 
13 4 19 21 15 2 10 17 29 16 20 13 13 28 6 7 14 10 16 13 27 27 10 15 
17 27 19 17 5 26 23 19 24 17 19 12 15 23 12 14 21 22 28 
11 3 11 17 29 3 
13 23 14 27 7 18 10 11 28 29 9 24 18 28 14 9 11 13 12 14 14 24 
8 15 27 10 17 1 6 7 9 13 27 11 26 7 24 3 28 21 20 14 3 21 23 29 
2 
26 12 17 21 9 19 13 18 11 29 29 17 30 21 18 28 13 12 4 19 15 3 3 18 
8 
13 25 19 23 9 15 11 17 6 10 9 17 27 15 20 21 14 7 4 9 29 26 24 7 18 15 27 8 6 
25 16 1 11 1 1 8 4 19 8 1 21 16 15 18 22 29 5 6 30 18 17 19 2 29 27 6 
16 4 24 21 10 20 4 23 19 11 10 30 
24 19 23 26 3 2 1 
8 12 22 3 28 25 17 8 5 6 23 13 10 19 8 
21 19 3 21 30 15 20 5 7 16 17 9 14 1 10 22 13 30 14 22 19 1 2 25 29 2 29 
22 19 22 11 23 13 1 22 11 10 27 

17 29 13 18 1 9 1 22 21 11 28 13 14 23 18 13 28 26 8 22 14 11 9 
24 6 24 6 18 
1 10 
28 28 15 2 10 16 28 10 4 10 14 6 16 1 27 12 24 28 5 25 19 6 28 22 
2 2 21 17 30 7 13 16 13 10 11 24 21 26 10 6 2 28 9 28 22 23 3 10 26 27 
15 4 12 8 30 10 27 10 24 11 18 18 29 
3 29 18 27 17 12 19 23 20 10 1 
18 14 17 11 12 27 2 11 9 21 19 8 26 9 12 11 11 19 10 9 19 18 25 12 2 18 
17 16 12 22 16 19 7 28 16 10 1 3 5 28 14 16 30 8 23 9 17 1 2 24 20 23 
29 8 7 8 28 12 22 10 8 7 11 26 
15 18 12 22 19 4 7 11 26 7 16 
7 24 11 18 24 10 12 12 5 20 7 1 12 12 5 9 27 7 30 8 8 
29 20 18 22 21 30 14 23 10 27 20 10 19 30 9 13 
8 27 18 16 3 6 12 3 19 14 20 3 29 11 21 7 19 23 26 30 13 4 16 10 18 12 
17 29 10 29 23 9 27 8 8 23 13 12 21 13 23 10 5 30 18 6 17 29 10 27 16 7 15 12 
8 23 26 4 11 22 29 21 10 1 5 8 30 6 12 13 20 19 18 1 3 10 17 
22 29 2 19 14 5 6 20 18 15 29 2 27 23 30 18 20 10 23 22 1 6 
5 9 2 5 5 22 5 27 12 
2 2 8 12 7 8 21 8 23 25 30 7 29 8 4 30 13 5 
17 23 25 27 28 11 25 23 22 25 9 4 23 18 7 1 23 26 26 28 29 30 16 29 1 24 
5 14 15 22 19 4 22 30 6 28 5 3 8 8 11 19 
9 23 24 27 26 30 11 17 3 15 17 29 27 9 9 18 14 19 25 13 8 1 18 14 13 
24 5 6 21 6 6 11 17 13 26 20 14 30 21 19 8 18 5 30 16 14 25 24 5 4 27 
7 4 5 30 21 7 14 25 28 10 20 27 1 9 8 10 10 27 10 12 19 25 21 22 1 9 27 3 8 19 
19 23 3 9 17 1 6 8 13 2 26 13 17 22 25 16 18 30 13 
16 14 17 4 24 18 25 29 2 28 30 
3 1 15 7 28 8 14 25 24 17 29 26 17 16 
28 12 25 18 14 3 23 
6 15 20 20 27 26 29 11 22 22 18 3 8 29 21 1 22 3 13 7 17 29 3 2 27 

26 26 13 4 29 30 6 20 2 30 12 15 13 18 28 4 27 24 6 17 27 23 10 24 23 7 
24 7 27 6 24 10 1 14 16 6 13 19 5 
29 11 28 8 27 8 26 5 7 13 9 30 2 
25 11 26 16 18 29 20 2 23 25 30 19 
11 30 28 10 5 28 8 10 
15 27 21 
8 9 2 14 1 4 
3 14 1 5 24 23 22 7 11 25 26 
2 25 22 9 4 26 6 28 24 13 3 2 6 7 17 22 9 21 7 13 9 
28 30 20 10 16 23 24 9 1 4 13 9 4 8 1 8 18 27 28 
26 15 23 27 17 
4 6 21 19 13 12 13 25 4 18 20 9 
22 28 27 23 30 8 19 6 23 10 1 23 28 22 24 10 24 19 29 1 
20 26 6 26 13 21 25 6 2 2 17 6 22 18 28 2 22 22 20 4 11 
11 4 6 25 21 17 13 1 21 17 29 2 1 17 12 18 3 11 9 17 
3 24 12 30 22 29 4 5 3 2 17 6 19 26 14 14 21 17 19 21 29 5 13 27 4 
23 3 11 18 20 20 
9 18 8 8 26 27 
14 8 20 13 7 21 17 26 16 12 29 28 13 8 17 11 16 7 22 12 4 22 12 
6 2 27 4 3 17 9 27 24 28 30 1 11 1 2 3 29 29 7 4 11 7 12 19 30 23 
23 5 28 2 6 25 14 20 1 28 19 3 9 
5 11 4 8 4 15 24 24 19 11 8 20 21 28 4 14 20 5 6 23 29 15 26 1 4 7 25 28 
19 10 4 28 17 18 29 27 14 28 13 21 15 1 3 22 28 24 18 10 22 28 5 
29 5 4 17 
6 30 8 13 3 17 30 10 1 26 1 5 21 22 24 
24 6 28 9 23 27 30 15 9 25 4 29 22 8 11 
2 9 22 13 15 16 30 14 27 29 9 24 4 17 28 13 8 7 11 21 20 17 22 
25 12 26 5 2 16 26 9 22 9 
13 5 9 29 9 26 14 26 23 7 17 22 23 25 27 
26 25 16 29 28 23 1 15 30 21 6 6 29 26 13 5 30 26 22 17 30 20 27 2 
5 19 29 8 20 17 17 20 3 18 
15 5 25 27 6 6 19 26 4 
27 1 12 28 3 4 
19 18 2 22 8 
26 30 3 7 4 21 8 28 4 27 14 12 16 22 1 10 22 29 9 30 29 3 25 2 10 5 11 16 30 24 
2 14 5 9 23 9 9 20 21 26 29 1 10 3 30 1 21 8 2 5 2 17 15 10 17 5 1 27 22 
11 29 29 10 3 27 21 17 26 25 14 29 4 4 23 2 19 19 22 16 13 1 4 30 19 
24 23 16 4 20 4 3 6 13 25 7 11 27 30 12 21 1 21 7 7 2 30 24 15 30 15 15 7 
18 10 20 3 21 22 13 9 19 29 26 8 17 22 10 29 17 26 12 7 
6 20 23 5 12 23 20 6 20 23 21 28 18 5 25 
21 23 6 18 22 21 18 28 17 29 5 15 4 9 11 8 9 26 29 22 29 
17 26 17 28 7 29 8 29 2 29 14 16 25 28 22 12 8 3 29 14 
28 16 7 12 19 1 28 21 28 12 28 25 27 28 17 3 29 3 20 28 22 21 22 12 15 3 14 
26 28 13 14 20 1 28 7 26 3 15 19 25 28 5 24 23 2 2 16 8 19 18 6 27 3 
30 13 20 20 27 13 29 15 2 3 4 22 10 17 6 20 
22 19 3 5 16 11 24 7 4 10 7 20 5 9 5 
30 9 27 5 3 18 30 29 27 21 14 28 7 15 5 8 25 9 30 6 
2 11 16 27 6 16 14 11 24 30 16 13 15 22 27 4 9 15 8 10 8 4 5 2 14 
20 6 8 15 27 4 1 7 8 4 6 29 29 3 10 1 24 2 26 30 2 7 24 
23 22 20 11 11 15 2 23 7 13 13 20 24 30 20 30 28 20 
